0 0
1 0
2 0
3 3
4 1
5 0
6 0
7 0
8 0
9 0
10 2
11 1
12 0
13 0
14 0
15 0
16 1
17 0
18 1
19 3
20 0
21 1
22 0
23 1
24 1
25 0
26 0
27 0
28 1
29 1
30 0
31 0
32 0
33 3
34 0
35 0
36 0
37 0
38 0
39 0
40 1
41 3
42 0
43 0
44 2
45 0
46 0
47 0
48 0
49 1
50 0
51 1
52 0
53 0
54 3
55 0
56 1
57 0
58 0
59 3
60 0
61 0
62 3
63 0
64 2
65 0
66 1
67 0
68 3
69 0
70 1
71 1
72 0
73 0
74 1
75 1
76 1
77 0
78 3
79 0
80 0
81 0
82 3
83 3
84 0
85 0
86 0
87 1
88 1
89 0
90 0
91 0
92 0
93 0
94 0
95 0
96 0
97 1
98 0
99 0
100 1
101 3
102 0
103 0
104 0
105 1
106 0
107 0
108 1
109 2
110 0
111 0
112 0
113 3
114 2
115 2
116 1
117 0
118 0
119 0
120 0
121 3
122 0
123 3
124 1
125 0
126 1
127 0
128 0
129 0
130 0
131 0
132 0
133 0
134 0
135 1
136 1
137 0
138 1
139 1
140 0
141 0
142 3
143 0
144 2
145 0
146 0
147 0
148 0
149 0
150 1
151 0
152 2
153 1
154 0
155 0
156 0
157 0
158 0
159 0
160 0
161 3
162 3
163 0
164 1
165 0
166 3
167 0
168 0
169 1
170 0
171 2
172 1
173 0
174 1
175 0
176 1
177 0
178 3
179 0
180 0
181 1
182 0
183 3
184 0
185 1
186 0
187 0
188 1
189 0
190 3
191 1
192 0
193 0
194 0
195 0
196 1
197 3
198 0
199 0
200 0
201 1
202 0
203 0
204 0
205 1
206 0
207 0
208 0
209 0
210 0
211 0
212 1
213 2
214 0
215 0
216 0
217 0
218 0
219 0
220 0
221 1
222 0
223 0
224 0
225 0
226 3
227 0
228 0
229 0
230 3
231 0
232 3
233 1
234 0
235 0
236 2
237 0
238 1
239 0
240 2
241 0
242 0
243 3
244 0
245 0
246 1
247 1
248 0
249 0
250 2
251 0
252 3
253 0
254 0
255 3
256 0
257 1
258 0
259 0
260 0
261 0
262 0
263 2
264 0
265 1
266 0
267 0
268 0
269 3
270 0
271 0
272 0
273 0
274 0
275 0
276 0
277 1
278 3
279 0
280 3
281 0
282 1
283 0
284 1
285 1
286 0
287 0
288 3
289 0
290 0
291 0
292 2
293 1
294 2
295 1
296 0
297 0
298 0
299 0
300 0
301 0
302 3
303 1
304 0
305 0
306 0
307 0
308 1
309 0
310 1
311 3
312 0
313 1
314 0
315 0
316 1
317 0
318 1
319 1
320 0
321 0
322 1
323 0
324 2
325 0
326 0
327 1
328 0
329 3
330 0
331 0
332 1
333 3
334 0
335 3
336 1
337 0
338 3
339 1
340 1
341 0
342 2
343 0
344 3
345 0
346 1
347 0
348 0
349 0
350 0
351 0
352 0
353 0
354 1
355 0
356 3
357 3
358 1
359 3
360 0
361 1
362 0
363 0
364 0
365 0
366 0
367 0
368 1
369 0
370 1
371 2
372 3
373 0
374 0
375 1
376 0
377 0
378 1
379 0
380 0
381 0
382 0
383 1
384 3
385 0
386 0
387 1
388 0
389 0
390 3
391 3
392 0
393 0
394 1
395 0
396 2
397 0
398 1
399 0
400 1
401 1
402 2
403 0
404 1
405 0
406 0
407 0
408 0
409 1
410 1
411 0
412 0
413 0
414 1
415 0
416 0
417 0
418 0
419 1
420 0
421 1
422 0
423 1
424 2
425 2
426 3
427 0
428 0
429 1
430 1
431 0
432 0
433 0
434 2
435 3
436 1
437 2
438 0
439 0
440 1
441 3
442 0
443 0
444 1
445 1
446 2
447 0
448 1
449 0
450 1
451 2
452 0
453 1
454 0
455 0
456 0
457 1
458 0
459 1
460 0
461 0
462 0
463 0
464 0
465 0
466 2
467 3
468 2
469 0
470 0
471 3
472 1
473 0
474 0
475 0
476 0
477 1
478 0
479 3
480 1
481 1
482 0
483 0
484 2
485 0
486 2
487 0
488 1
489 1
490 1
491 1
492 0
493 0
494 0
495 0
496 0
497 0
498 1
499 0
500 2
501 0
502 0
503 0
504 1
505 0
506 1
507 3
508 3
509 0
510 1
511 0
512 1
513 1
514 0
515 0
516 0
517 0
518 0
519 0
520 0
521 0
522 0
523 0
524 0
525 0
526 1
527 1
528 0
529 2
530 0
531 0
532 0
533 0
534 0
535 0
536 0
537 0
538 0
539 0
540 3
541 2
542 0
543 0
544 0
545 2
546 0
547 0
548 0
549 1
550 0
551 2
552 0
553 2
554 0
555 0
556 3
557 1
558 3
559 1
560 0
561 0
562 0
563 2
564 0
565 1
566 1
567 1
568 2
569 0
570 0
571 0
572 3
573 0
574 2
575 1
576 1
577 0
578 1
579 2
580 2
581 0
582 2
583 0
584 1
585 1
586 1
587 2
588 0
589 1
590 1
591 0
592 1
593 2
594 1
595 0
596 0
597 1
598 0
599 0
600 0
601 0
602 0
603 1
604 3
605 1
606 1
607 0
608 1
609 0
610 1
611 0
612 0
613 0
614 0
615 0
616 0
617 3
618 0
619 0
620 0
621 0
622 1
623 2
624 0
625 0
626 1
627 1
628 2
629 0
630 2
631 0
632 0
633 1
634 0
635 1
636 0
637 0
638 1
639 1
640 2
641 0
642 0
643 0
644 0
645 1
646 0
647 0
648 0
649 0
650 1
651 3
652 0
653 0
654 1
655 3
656 0
657 0
658 1
659 0
660 1
661 2
662 1
663 0
664 1
665 3
666 0
667 3
668 1
669 0
670 0
671 1
672 2
673 3
674 2
675 1
676 0
677 0
678 0
679 3
680 0
681 3
682 1
683 0
684 0
685 1
686 1
687 2
688 0
689 0
690 0
691 0
692 0
693 0
694 0
695 2
696 0
697 3
698 3
699 0
700 2
701 2
702 1
703 1
704 1
705 3
706 0
707 3
708 3
709 1
710 0
711 0
712 0
713 0
714 0
715 1
716 0
717 2
718 3
719 0
720 0
721 0
722 0
723 2
724 0
725 0
726 0
727 0
728 0
729 0
730 3
731 0
732 3
733 2
734 2
735 0
736 1
737 1
738 0
739 3
740 0
741 3
742 1
743 2
744 0
745 1
746 2
747 1
748 0
749 0
750 0
751 0
752 0
753 0
754 0
755 1
756 1
757 0
758 0
759 0
760 0
761 0
762 0
763 2
764 0
765 0
766 1
767 0
768 0
769 3
770 0
771 1
772 0
773 0
774 0
775 1
776 0
777 0
778 1
779 0
780 2
781 0
782 1
783 0
784 3
785 1
786 0
787 2
788 3
789 0
790 0
791 0
792 0
793 0
794 1
795 0
796 1
797 1
798 0
799 0
800 0
801 1
802 2
803 0
804 0
805 0
806 1
807 1
808 0
809 0
810 0
811 0
812 0
813 1
814 0
815 0
816 1
817 0
818 0
819 0
820 2
821 0
822 0
823 1
824 1
825 0
826 1
827 1
828 0
829 0
830 2
831 0
832 1
833 1
834 0
835 0
836 3
837 0
838 0
839 0
840 0
841 0
842 0
843 0
844 1
845 1
846 0
847 0
848 2
849 0
850 0
851 0
852 1
853 0
854 1
855 1
856 1
857 1
858 1
859 0
860 3
861 0
862 2
863 0
864 1
865 2
866 0
867 0
868 1
869 1
870 1
871 1
872 1
873 1
874 0
875 0
876 0
877 0
878 0
879 0
880 0
881 0
882 1
883 0
884 0
885 1
886 0
887 1
888 0
889 0
890 0
891 0
892 1
893 2
894 0
895 1
896 0
897 0
898 1
899 2
900 0
901 0
902 0
903 0
904 3
905 2
906 0
907 0
908 0
909 3
910 1
911 0
912 0
913 0
914 0
915 0
916 0
917 0
918 1
919 0
920 0
921 0
922 3
923 0
924 0
925 0
926 0
927 1
928 0
929 1
930 0
931 2
932 1
933 0
934 0
935 0
936 0
937 3
938 0
939 0
940 1
941 1
942 0
943 1
944 0
945 0
946 0
947 0
948 2
949 1
950 0
951 1
952 1
953 1
954 0
955 0
956 1
957 0
958 0
959 0
960 2
961 1
962 3
963 1
964 0
965 0
966 0
967 0
968 0
969 1
970 0
971 0
972 0
973 0
974 0
975 3
976 3
977 1
978 0
979 0
980 0
981 2
982 0
983 0
984 1
985 0
986 0
987 1
988 0
989 2
990 0
991 0
992 0
993 0
994 0
995 0
996 0
997 0
998 0
999 0
1000 1
1001 0
1002 0
1003 3
1004 0
1005 0
1006 0
1007 1
1008 0
1009 0
1010 0
1011 3
1012 0
1013 2
1014 0
1015 1
1016 0
1017 2
1018 0
1019 0
1020 0
1021 0
1022 2
1023 0
1024 0
1025 1
1026 1
1027 0
1028 1
1029 0
1030 3
1031 0
1032 0
1033 1
1034 1
1035 0
1036 0
1037 0
1038 0
1039 1
1040 1
1041 0
1042 2
1043 1
1044 0
1045 0
1046 0
1047 0
1048 0
1049 1
1050 0
1051 1
1052 1
1053 0
1054 1
1055 0
1056 0
1057 0
1058 0
1059 0
1060 0
1061 3
1062 0
1063 0
1064 0
1065 3
1066 1
1067 0
1068 0
1069 1
1070 0
1071 0
1072 0
1073 0
1074 0
1075 0
1076 1
1077 0
1078 1
1079 0
1080 0
1081 1
1082 1
1083 1
1084 0
1085 0
1086 0
1087 0
1088 0
1089 1
1090 2
1091 2
1092 0
1093 0
1094 0
1095 3
1096 1
1097 0
1098 0
1099 0
1100 0
1101 0
1102 0
1103 0
1104 0
1105 3
1106 0
1107 0
1108 0
1109 0
1110 0
1111 3
1112 0
1113 0
1114 1
1115 1
1116 2
1117 0
1118 0
1119 0
1120 1
1121 1
1122 2
1123 0
1124 1
1125 0
1126 0
1127 0
1128 1
1129 0
1130 0
1131 3
1132 0
1133 1
1134 1
1135 0
1136 2
1137 0
1138 3
1139 0
1140 2
1141 1
1142 1
1143 0
1144 1
1145 0
1146 0
1147 0
1148 0
1149 1
1150 2
1151 0
1152 1
1153 0
1154 0
1155 0
1156 0
1157 1
1158 0
1159 0
1160 0
1161 1
1162 3
1163 0
1164 1
1165 0
1166 0
1167 1
1168 3
1169 0
1170 0
1171 1
1172 1
1173 0
1174 3
1175 0
1176 2
1177 2
1178 0
1179 1
1180 1
1181 1
1182 0
1183 1
1184 3
1185 0
1186 2
1187 1
1188 1
1189 0
1190 1
1191 0
1192 0
1193 1
1194 0
1195 0
1196 0
1197 3
1198 2
1199 0
1200 1
1201 3
1202 0
1203 1
1204 2
1205 0
1206 1
1207 2
1208 3
1209 0
1210 0
1211 0
1212 0
1213 2
1214 0
1215 2
1216 2
1217 1
1218 3
1219 1
1220 0
1221 1
1222 0
1223 0
1224 0
1225 1
1226 1
1227 0
1228 0
1229 0
1230 0
1231 0
1232 1
1233 0
1234 0
1235 0
1236 3
1237 2
1238 0
1239 0
1240 3
1241 0
1242 0
1243 0
1244 0
1245 0
1246 0
1247 1
1248 0
1249 1
1250 0
1251 3
1252 3
1253 1
1254 0
1255 0
1256 1
1257 1
1258 0
1259 3
1260 2
1261 1
1262 0
1263 1
1264 0
1265 1
1266 0
1267 1
1268 0
1269 0
1270 3
1271 1
1272 0
1273 0
1274 1
1275 0
1276 0
1277 0
1278 0
1279 0
1280 0
1281 0
1282 2
1283 3
1284 1
1285 0
1286 0
1287 0
1288 0
1289 0
1290 0
1291 0
1292 0
1293 0
1294 1
1295 0
1296 0
1297 0
1298 0
1299 2
1300 0
1301 0
1302 0
1303 1
1304 2
1305 0
1306 0
1307 0
1308 0
1309 0
1310 0
1311 0
1312 0
1313 2
1314 0
1315 1
1316 1
1317 3
1318 2
1319 1
1320 0
1321 1
1322 0
1323 0
1324 0
1325 1
1326 0
1327 0
1328 0
1329 0
1330 0
1331 0
1332 0
1333 0
1334 3
1335 1
1336 0
1337 0
1338 0
1339 0
1340 0
1341 2
1342 1
1343 2
1344 2
1345 1
1346 0
1347 0
1348 0
1349 0
1350 0
1351 2
1352 1
1353 2
1354 1
1355 0
1356 0
1357 0
1358 0
1359 1
1360 0
1361 0
1362 0
1363 0
1364 1
1365 0
1366 0
1367 0
1368 0
1369 3
1370 0
1371 3
1372 0
1373 0
1374 3
1375 0
1376 1
1377 0
1378 0
1379 0
1380 0
1381 0
1382 0
1383 1
1384 0
1385 0
1386 1
1387 0
1388 0
1389 0
1390 3
1391 0
1392 2
1393 3
1394 2
1395 1
1396 3
1397 0
1398 0
1399 0
1400 3
1401 0
1402 0
1403 0
1404 3
1405 2
1406 0
1407 1
1408 0
1409 0
1410 0
1411 1
1412 3
1413 0
1414 0
1415 0
1416 1
1417 0
1418 0
1419 2
1420 0
1421 2
1422 3
1423 1
1424 1
1425 1
1426 0
1427 0
1428 0
1429 0
1430 2
1431 1
1432 0
1433 1
1434 3
1435 0
1436 0
1437 1
1438 1
1439 1
1440 2
1441 2
1442 1
1443 3
1444 2
1445 0
1446 3
1447 0
1448 2
1449 0
1450 1
1451 0
1452 0
1453 0
1454 1
1455 0
1456 0
1457 2
1458 0
1459 0
1460 0
1461 1
1462 0
1463 0
1464 0
1465 1
1466 0
1467 0
1468 0
1469 0
1470 0
1471 0
1472 0
1473 0
1474 0
1475 1
1476 3
1477 0
1478 0
1479 1
1480 0
1481 0
1482 0
1483 3
1484 2
1485 2
1486 3
1487 0
1488 0
1489 1
1490 3
1491 0
1492 1
1493 0
1494 0
1495 0
1496 1
1497 2
1498 0
1499 0
1500 0
1501 1
1502 1
1503 1
1504 0
1505 0
1506 0
1507 1
1508 0
1509 1
1510 0
1511 1
1512 2
1513 3
1514 0
1515 0
1516 0
1517 1
1518 0
1519 0
1520 3
1521 0
1522 0
1523 0
1524 2
1525 0
1526 0
1527 0
1528 0
1529 2
1530 0
1531 3
1532 0
1533 1
1534 0
1535 0
1536 0
1537 0
1538 1
1539 1
1540 0
1541 0
1542 0
1543 0
1544 0
1545 0
1546 1
1547 0
1548 0
1549 0
1550 0
1551 0
1552 1
1553 0
1554 1
1555 3
1556 0
1557 3
1558 0
1559 0
1560 1
1561 0
1562 2
1563 0
1564 0
1565 0
1566 0
1567 0
1568 1
1569 0
1570 0
1571 0
1572 0
1573 1
1574 3
1575 1
1576 0
1577 3
1578 1
1579 0
1580 0
1581 0
1582 0
1583 0
1584 0
1585 1
1586 2
1587 1
1588 0
1589 0
1590 0
1591 0
1592 1
1593 0
1594 0
1595 0
1596 0
1597 2
1598 1
1599 0
1600 0
1601 3
1602 2
1603 0
1604 1
1605 0
1606 0
1607 3
1608 3
1609 3
1610 0
1611 1
1612 2
1613 3
1614 0
1615 0
1616 1
1617 2
1618 0
1619 0
1620 3
1621 2
1622 0
1623 3
1624 3
1625 0
1626 0
1627 1
1628 0
1629 0
1630 0
1631 0
1632 1
1633 0
1634 3
1635 0
1636 2
1637 0
1638 2
1639 3
1640 0
1641 1
1642 2
1643 1
1644 0
1645 1
1646 0
1647 0
1648 0
1649 0
1650 1
1651 0
1652 0
1653 0
1654 0
1655 0
1656 0
1657 0
1658 3
1659 0
1660 0
1661 0
1662 0
1663 0
1664 0
1665 0
1666 0
1667 1
1668 1
1669 2
1670 0
1671 1
1672 2
1673 1
1674 3
1675 0
1676 1
1677 0
1678 0
1679 0
1680 0
1681 0
1682 0
1683 0
1684 0
1685 1
1686 0
1687 0
1688 0
1689 0
1690 3
1691 0
1692 0
1693 1
1694 0
1695 0
1696 0
1697 0
1698 3
1699 1
1700 0
1701 0
1702 0
1703 1
1704 1
1705 0
1706 0
1707 1
1708 2
1709 0
1710 0
1711 0
1712 0
1713 0
1714 0
1715 0
1716 0
1717 0
1718 0
1719 1
1720 2
1721 0
1722 1
1723 0
1724 1
1725 1
1726 1
1727 0
1728 0
1729 0
1730 0
1731 0
1732 0
1733 0
1734 0
1735 1
1736 0
1737 0
1738 0
1739 0
1740 0
1741 0
1742 3
1743 2
1744 0
1745 1
1746 0
1747 0
1748 3
1749 1
1750 0
1751 0
1752 3
1753 0
1754 1
1755 2
1756 0
1757 0
1758 0
1759 0
1760 1
1761 0
1762 0
1763 3
1764 0
1765 2
1766 1
1767 3
1768 1
1769 0
1770 2
1771 0
1772 0
1773 1
1774 0
1775 0
1776 0
1777 0
1778 0
1779 1
1780 0
1781 1
1782 1
1783 0
1784 1
1785 2
1786 2
1787 0
1788 1
1789 0
1790 1
1791 0
1792 0
1793 0
1794 0
1795 0
1796 0
1797 0
1798 0
1799 0
1800 0
1801 2
1802 1
1803 0
1804 2
1805 0
1806 0
1807 1
1808 1
1809 0
1810 0
1811 1
1812 0
1813 1
1814 0
1815 0
1816 0
1817 2
1818 0
1819 0
1820 3
1821 0
1822 2
1823 1
1824 1
1825 3
1826 2
1827 2
1828 0
1829 0
1830 1
1831 0
1832 3
1833 0
1834 1
1835 0
1836 0
1837 0
1838 0
1839 0
1840 0
1841 0
1842 0
1843 3
1844 1
1845 0
1846 0
1847 0
1848 0
1849 0
1850 0
1851 3
1852 3
1853 3
1854 0
1855 0
1856 0
1857 0
1858 0
1859 3
1860 0
1861 2
1862 1
1863 1
1864 0
1865 0
1866 1
1867 0
1868 0
1869 0
1870 1
1871 0
1872 0
1873 3
1874 0
1875 2
1876 1
1877 0
1878 0
1879 1
1880 0
1881 0
1882 3
1883 0
1884 0
1885 0
1886 0
1887 3
1888 0
1889 0
1890 0
1891 0
1892 1
1893 0
1894 1
1895 0
1896 0
1897 3
1898 0
1899 1
1900 2
1901 0
1902 0
1903 0
1904 0
1905 3
1906 2
1907 3
1908 0
1909 0
1910 0
1911 1
1912 1
1913 0
1914 0
1915 0
1916 0
1917 0
1918 1
1919 0
1920 0
1921 3
1922 1
1923 0
1924 0
1925 0
1926 3
1927 0
1928 0
1929 0
1930 0
1931 0
1932 0
1933 0
1934 0
1935 0
1936 1
1937 2
1938 0
1939 2
1940 2
1941 1
1942 3
1943 0
1944 0
1945 1
1946 0
1947 0
1948 0
1949 1
1950 0
1951 3
1952 1
1953 1
1954 3
1955 0
1956 0
1957 0
1958 0
1959 0
1960 1
1961 0
1962 0
1963 0
1964 0
1965 3
1966 1
1967 0
1968 1
1969 0
1970 0
1971 0
1972 0
1973 0
1974 3
1975 0
1976 0
1977 0
1978 0
1979 0
1980 0
1981 0
1982 1
1983 2
1984 1
1985 1
1986 1
1987 0
1988 0
1989 0
1990 0
1991 0
1992 0
1993 1
1994 2
1995 1
1996 1
1997 1
1998 1
1999 1
2000 0
2001 0
2002 0
2003 0
2004 0
2005 0
2006 1
2007 3
2008 0
2009 0
2010 0
2011 0
2012 1
2013 0
2014 0
2015 1
2016 1
2017 0
2018 3
2019 3
2020 0
2021 0
2022 0
2023 0
2024 2
2025 0
2026 0
2027 0
2028 0
2029 2
2030 0
2031 0
2032 1
2033 0
2034 3
2035 0
2036 1
2037 1
2038 3
2039 0
2040 2
2041 0
2042 2
2043 2
2044 0
2045 0
2046 1
2047 1
2048 0
2049 0
2050 1
2051 1
2052 3
2053 3
2054 0
2055 0
2056 1
2057 1
2058 0
2059 0
2060 1
2061 0
2062 0
2063 1
2064 0
2065 0
2066 3
2067 0
2068 1
2069 0
2070 0
2071 2
2072 0
2073 0
2074 3
2075 0
2076 0
2077 0
2078 1
2079 1
2080 0
2081 0
2082 0
2083 0
2084 0
2085 0
2086 0
2087 0
2088 2
2089 0
2090 0
2091 2
2092 0
2093 0
2094 0
2095 2
2096 0
2097 0
2098 0
2099 0
2100 0
2101 1
2102 0
2103 0
2104 0
2105 3
2106 2
2107 0
2108 0
2109 2
2110 0
2111 0
2112 0
2113 0
2114 2
2115 0
2116 0
2117 0
2118 1
2119 2
2120 0
2121 1
2122 1
2123 0
2124 0
2125 2
2126 2
2127 0
2128 0
2129 0
2130 0
2131 0
2132 0
2133 0
2134 0
2135 0
2136 0
2137 0
2138 2
2139 0
2140 0
2141 1
2142 2
2143 0
2144 0
2145 0
2146 0
2147 1
2148 0
2149 0
2150 0
2151 1
2152 0
2153 1
2154 0
2155 1
2156 1
2157 0
2158 0
2159 1
2160 2
2161 2
2162 0
2163 0
2164 0
2165 0
2166 0
2167 0
2168 0
2169 0
2170 0
2171 1
2172 2
2173 1
2174 0
2175 0
2176 1
2177 1
2178 3
2179 0
2180 0
2181 0
2182 0
2183 0
2184 0
2185 1
2186 2
2187 0
2188 0
2189 0
2190 0
2191 0
2192 0
2193 3
2194 0
2195 0
2196 3
2197 0
2198 0
2199 1
2200 0
2201 0
2202 0
2203 0
2204 3
2205 1
2206 3
2207 0
2208 0
2209 0
2210 0
2211 1
2212 1
2213 0
2214 0
2215 3
2216 3
2217 3
2218 1
2219 3
2220 0
2221 1
2222 0
2223 0
2224 0
2225 0
2226 0
2227 3
2228 1
2229 3
2230 0
2231 0
2232 0
2233 3
2234 2
2235 0
2236 0
2237 1
2238 0
2239 0
2240 0
2241 0
2242 0
2243 0
2244 1
2245 2
2246 3
2247 2
2248 0
2249 0
2250 0
2251 2
2252 0
2253 0
2254 0
2255 1
2256 0
2257 0
2258 0
2259 0
2260 0
2261 0
2262 1
2263 0
2264 0
2265 0
2266 3
2267 0
2268 0
2269 1
2270 0
2271 0
2272 2
2273 0
2274 1
2275 0
2276 0
2277 0
2278 0
2279 3
2280 0
2281 1
2282 0
2283 0
2284 1
2285 1
2286 0
2287 0
2288 0
2289 0
2290 0
2291 0
2292 1
2293 0
2294 0
2295 0
2296 0
2297 3
2298 0
2299 0
2300 0
2301 0
2302 3
2303 2
2304 1
2305 1
2306 1
2307 0
2308 0
2309 1
2310 1
2311 0
2312 3
2313 3
2314 0
2315 1
2316 1
2317 1
2318 0
2319 0
2320 0
2321 0
2322 3
2323 3
2324 0
2325 3
2326 0
2327 0
2328 0
2329 2
2330 0
2331 1
2332 0
2333 1
2334 1
2335 3
2336 0
2337 0
2338 0
2339 0
2340 3
2341 0
2342 1
2343 0
2344 1
2345 0
2346 0
2347 1
2348 1
2349 0
2350 0
2351 2
2352 1
2353 0
2354 0
2355 0
2356 0
2357 0
2358 0
2359 2
2360 2
2361 1
2362 0
2363 0
2364 0
2365 2
2366 0
2367 0
2368 2
2369 3
2370 0
2371 0
2372 0
2373 0
2374 1
2375 1
2376 1
2377 0
2378 0
2379 0
2380 0
2381 2
2382 1
2383 1
2384 0
2385 1
2386 2
2387 2
2388 0
2389 0
2390 2
2391 0
2392 1
2393 0
2394 0
2395 3
2396 0
2397 0
2398 0
2399 0
2400 0
2401 2
2402 0
2403 0
2404 3
2405 0
2406 3
2407 0
2408 1
2409 3
2410 0
2411 1
2412 1
2413 0
2414 0
2415 0
2416 0
2417 0
2418 1
2419 0
2420 0
2421 0
2422 0
2423 0
2424 0
2425 0
2426 0
2427 0
2428 1
2429 0
2430 3
2431 0
2432 1
2433 0
2434 0
2435 1
2436 0
2437 0
2438 1
2439 0
2440 0
2441 0
2442 0
2443 0
2444 1
2445 0
2446 0
2447 1
2448 0
2449 1
2450 3
2451 0
2452 1
2453 0
2454 0
2455 0
2456 0
2457 2
2458 0
2459 0
2460 1
2461 1
2462 0
2463 0
2464 0
2465 1
2466 0
2467 0
2468 0
2469 0
2470 0
2471 0
2472 0
2473 1
2474 0
2475 1
2476 0
2477 2
2478 2
2479 0
2480 1
2481 0
2482 0
2483 0
2484 1
2485 1
2486 0
2487 0
2488 0
2489 2
2490 1
2491 3
2492 0
2493 0
2494 0
2495 0
2496 0
2497 0
2498 0
2499 0
2500 1
2501 0
2502 3
2503 0
2504 0
2505 1
2506 0
2507 0
2508 0
2509 2
2510 0
2511 0
2512 0
2513 0
2514 1
2515 0
2516 1
2517 1
2518 0
2519 0
2520 0
2521 0
2522 1
2523 3
2524 0
2525 0
2526 3
2527 2
2528 0
2529 0
2530 0
2531 0
2532 0
2533 0
2534 3
2535 1
2536 0
2537 0
2538 0
2539 0
2540 1
2541 2
2542 0
2543 2
2544 0
2545 0
2546 0
2547 0
2548 1
2549 0
2550 0
2551 1
2552 0
2553 0
2554 1
2555 0
2556 0
2557 0
2558 1
2559 3
2560 1
2561 0
2562 1
2563 0
2564 0
2565 0
2566 0
2567 0
2568 3
2569 0
2570 3
2571 0
2572 3
2573 1
2574 0
2575 0
2576 2
2577 1
2578 0
2579 1
2580 0
2581 0
2582 0
2583 0
2584 0
2585 0
2586 1
2587 0
2588 0
2589 1
2590 2
2591 2
2592 1
2593 3
2594 0
2595 0
2596 3
2597 0
2598 1
2599 0
2600 1
2601 1
2602 0
2603 0
2604 0
2605 0
2606 2
2607 0
2608 0
2609 3
2610 0
2611 0
2612 0
2613 3
2614 0
2615 2
2616 0
2617 0
2618 1
2619 0
2620 1
2621 1
2622 1
2623 3
2624 0
2625 0
2626 0
2627 3
2628 1
2629 3
2630 0
2631 3
2632 0
2633 0
2634 0
2635 3
2636 0
2637 0
2638 2
2639 0
2640 0
2641 0
2642 0
2643 0
2644 0
2645 1
2646 0
2647 0
2648 0
2649 3
2650 3
2651 1
2652 0
2653 0
2654 1
2655 1
2656 2
2657 2
2658 1
2659 3
2660 1
2661 3
2662 1
2663 2
2664 1
2665 1
2666 2
2667 1
2668 1
2669 1
2670 0
2671 0
2672 0
2673 0
2674 3
2675 1
2676 0
2677 0
2678 0
2679 0
2680 1
2681 0
2682 0
2683 0
2684 0
2685 0
2686 0
2687 3
2688 0
2689 0
2690 0
2691 2
2692 0
2693 1
2694 0
2695 0
2696 0
2697 0
2698 0
2699 3
2700 3
2701 0
2702 3
2703 2
2704 1
2705 0
2706 0
2707 1
2708 3
2709 2
2710 1
2711 0
2712 0
2713 0
2714 1
2715 0
2716 1
2717 0
2718 1
2719 1
2720 0
2721 1
2722 0
2723 0
2724 0
2725 0
2726 0
2727 2
2728 2
2729 0
2730 0
2731 0
2732 0
2733 0
2734 3
2735 0
2736 1
2737 1
2738 3
2739 0
2740 0
2741 0
2742 3
2743 3
2744 0
2745 2
2746 0
2747 2
2748 1
2749 0
2750 0
2751 2
2752 0
2753 2
2754 0
2755 3
2756 1
2757 2
2758 0
2759 0
2760 0
2761 1
2762 0
2763 0
2764 0
2765 0
2766 0
2767 3
2768 0
2769 0
2770 0
2771 0
2772 0
2773 1
2774 3
2775 1
2776 1
2777 0
2778 0
2779 1
2780 1
2781 0
2782 1
2783 2
2784 2
2785 0
2786 0
2787 1
2788 0
2789 0
2790 0
2791 0
2792 1
2793 0
2794 0
2795 3
2796 1
2797 1
2798 2
2799 0
2800 1
2801 0
2802 0
2803 0
2804 0
2805 0
2806 0
2807 0
2808 0
2809 0
2810 0
2811 0
2812 0
2813 0
2814 2
2815 0
2816 1
2817 1
2818 0
2819 0
2820 2
2821 2
2822 3
2823 1
2824 0
2825 0
2826 3
2827 1
2828 0
2829 0
2830 0
2831 0
2832 1
2833 0
2834 0
2835 2
2836 1
2837 1
2838 0
2839 0
2840 2
2841 0
2842 1
2843 0
2844 0
2845 3
2846 1
2847 1
2848 0
2849 0
2850 0
2851 0
2852 0
2853 1
2854 0
2855 0
2856 1
2857 1
2858 0
2859 0
2860 0
2861 2
2862 1
2863 2
2864 2
2865 0
2866 0
2867 1
2868 0
2869 1
2870 0
2871 0
2872 0
2873 2
2874 0
2875 1
2876 0
2877 1
2878 0
2879 0
2880 0
2881 2
2882 0
2883 1
2884 0
2885 2
2886 3
2887 1
2888 0
2889 0
2890 2
2891 0
2892 0
2893 0
2894 0
2895 1
2896 0
2897 3
2898 0
2899 1
2900 0
2901 0
2902 2
2903 1
2904 1
2905 1
2906 2
2907 1
2908 1
2909 0
2910 0
2911 1
2912 0
2913 0
2914 0
2915 1
2916 0
2917 0
2918 0
2919 1
2920 0
2921 0
2922 0
2923 0
2924 0
2925 0
2926 0
2927 0
2928 1
2929 0
2930 1
2931 0
2932 1
2933 1
2934 0
2935 0
2936 2
2937 1
2938 0
2939 1
2940 0
2941 0
2942 1
2943 0
2944 0
2945 0
2946 2
2947 0
2948 0
2949 0
2950 0
2951 0
2952 0
2953 0
2954 1
2955 2
2956 0
2957 0
2958 0
2959 0
2960 3
2961 0
2962 0
2963 2
2964 3
2965 0
2966 0
2967 0
2968 0
2969 1
2970 0
2971 2
2972 0
2973 0
2974 0
2975 0
2976 0
2977 0
2978 3
2979 1
2980 0
2981 1
2982 0
2983 0
2984 0
2985 0
2986 0
2987 3
2988 0
2989 0
2990 2
2991 0
2992 3
2993 3
2994 0
2995 0
2996 0
2997 0
2998 0
2999 0
3000 0
3001 3
3002 0
3003 0
3004 0
3005 1
3006 0
3007 3
3008 0
3009 0
3010 0
3011 1
3012 2
3013 0
3014 0
3015 1
3016 0
3017 1
3018 1
3019 0
3020 2
3021 1
3022 0
3023 1
3024 1
3025 0
3026 0
3027 0
3028 0
3029 0
3030 0
3031 0
3032 0
3033 0
3034 1
3035 0
3036 1
3037 0
3038 0
3039 0
3040 2
3041 0
3042 1
3043 0
3044 1
3045 1
3046 0
3047 0
3048 0
3049 2
3050 1
3051 2
3052 0
3053 0
3054 1
3055 1
3056 0
3057 0
3058 0
3059 0
3060 0
3061 1
3062 1
3063 1
3064 0
3065 2
3066 0
3067 1
3068 1
3069 3
3070 0
3071 2
3072 0
3073 2
3074 2
3075 0
3076 0
3077 3
3078 2
3079 0
3080 0
3081 0
3082 0
3083 0
3084 0
3085 0
3086 3
3087 0
3088 0
3089 1
3090 0
3091 0
3092 0
3093 0
3094 0
3095 0
3096 0
3097 2
3098 0
3099 0
3100 1
3101 3
3102 0
3103 0
3104 1
3105 0
3106 3
3107 0
3108 0
3109 3
3110 1
3111 0
3112 0
3113 0
3114 0
3115 0
3116 1
3117 1
3118 0
3119 0
3120 2
3121 0
3122 1
3123 0
3124 0
3125 0
3126 0
3127 3
3128 0
3129 0
3130 0
3131 0
3132 3
3133 0
3134 1
3135 1
3136 0
3137 1
3138 0
3139 0
3140 0
3141 0
3142 2
3143 0
3144 1
3145 0
3146 0
3147 0
3148 0
3149 0
3150 3
3151 0
3152 0
3153 1
3154 0
3155 0
3156 0
3157 0
3158 0
3159 0
3160 3
3161 0
3162 0
3163 1
3164 0
3165 3
3166 1
3167 0
3168 0
3169 0
3170 0
3171 0
3172 0
3173 0
3174 0
3175 3
3176 0
3177 0
3178 3
3179 0
3180 0
3181 0
3182 0
3183 1
3184 1
3185 0
3186 0
3187 1
3188 0
3189 0
3190 0
3191 1
3192 0
3193 0
3194 0
3195 0
3196 1
3197 0
3198 0
3199 0
3200 3
3201 0
3202 0
3203 1
3204 1
3205 3
3206 0
3207 0
3208 3
3209 0
3210 2
3211 0
3212 0
3213 1
3214 3
3215 0
3216 1
3217 0
3218 0
3219 0
3220 1
3221 1
3222 1
3223 0
3224 0
3225 3
3226 2
3227 0
3228 0
3229 2
3230 0
3231 0
3232 0
3233 0
3234 0
3235 0
3236 2
3237 0
3238 0
3239 2
3240 0
3241 0
3242 0
3243 0
3244 1
3245 0
3246 3
3247 0
3248 1
3249 0
3250 1
3251 0
3252 1
3253 0
3254 1
3255 1
3256 0
3257 0
3258 0
3259 0
3260 0
3261 0
3262 0
3263 0
3264 1
3265 0
3266 0
3267 0
3268 0
3269 1
3270 0
3271 3
3272 0
3273 0
3274 0
3275 0
3276 0
3277 2
3278 0
3279 0
3280 0
3281 2
3282 0
3283 0
3284 0
3285 0
3286 0
3287 0
3288 1
3289 1
3290 0
3291 0
3292 0
3293 0
3294 1
3295 1
3296 2
3297 1
3298 0
3299 0
3300 0
3301 1
3302 2
3303 0
3304 0
3305 0
3306 0
3307 2
3308 0
3309 3
3310 0
3311 0
3312 0
3313 0
3314 1
3315 3
3316 1
3317 1
3318 0
3319 1
3320 1
3321 0
3322 3
3323 2
3324 0
3325 1
3326 0
3327 0
3328 0
3329 1
3330 0
3331 0
3332 2
3333 1
3334 1
3335 1
3336 1
3337 0
3338 0
3339 1
3340 3
3341 3
3342 0
3343 0
3344 0
3345 0
3346 1
3347 0
3348 0
3349 0
3350 0
3351 0
3352 0
3353 2
3354 1
3355 3
3356 0
3357 0
3358 3
3359 1
3360 2
3361 0
3362 1
3363 0
3364 1
3365 1
3366 0
3367 0
3368 0
3369 1
3370 1
3371 0
3372 1
3373 0
3374 0
3375 1
3376 0
3377 3
3378 0
3379 0
3380 0
3381 3
3382 0
3383 3
3384 0
3385 0
3386 2
3387 0
3388 0
3389 0
3390 0
3391 0
3392 1
3393 3
3394 0
3395 0
3396 2
3397 1
3398 0
3399 0
3400 0
3401 2
3402 1
3403 0
3404 3
3405 1
3406 0
3407 0
3408 2
3409 0
3410 0
3411 0
3412 2
3413 3
3414 1
3415 0
3416 1
3417 0
3418 0
3419 0
3420 0
3421 0
3422 0
3423 0
3424 0
3425 0
3426 0
3427 1
3428 0
3429 0
3430 1
3431 0
3432 1
3433 0
3434 0
3435 0
3436 0
3437 0
3438 0
3439 0
3440 1
3441 1
3442 0
3443 3
3444 2
3445 0
3446 1
3447 0
3448 0
3449 1
3450 0
3451 1
3452 1
3453 3
3454 0
3455 0
3456 1
3457 0
3458 0
3459 2
3460 0
3461 0
3462 0
3463 1
3464 0
3465 0
3466 2
3467 0
3468 0
3469 0
3470 0
3471 0
3472 3
3473 0
3474 0
3475 0
3476 0
3477 0
3478 0
3479 1
3480 2
3481 0
3482 1
3483 0
3484 2
3485 0
3486 0
3487 0
3488 0
3489 0
3490 0
3491 0
3492 0
3493 0
3494 0
3495 0
3496 1
3497 1
3498 0
3499 1
3500 0
3501 2
3502 0
3503 0
3504 2
3505 0
3506 0
3507 0
3508 0
3509 0
3510 2
3511 0
3512 0
3513 0
3514 1
3515 0
3516 1
3517 0
3518 0
3519 0
3520 0
3521 0
3522 0
3523 3
3524 0
3525 0
3526 0
3527 0
3528 0
3529 0
3530 2
3531 2
3532 0
3533 1
3534 1
3535 1
3536 0
3537 0
3538 0
3539 2
3540 3
3541 0
3542 0
3543 0
3544 1
3545 0
3546 1
3547 2
3548 2
3549 0
3550 3
3551 0
3552 0
3553 3
3554 1
3555 0
3556 0
3557 0
3558 0
3559 2
3560 0
3561 3
3562 0
3563 1
3564 0
3565 3
3566 0
3567 0
3568 1
3569 3
3570 1
3571 0
3572 0
3573 0
3574 0
3575 1
3576 0
3577 3
3578 2
3579 1
3580 0
3581 3
3582 0
3583 3
3584 0
3585 0
3586 1
3587 0
3588 0
3589 0
3590 2
3591 0
3592 1
3593 0
3594 0
3595 1
3596 0
3597 0
3598 2
3599 0
3600 1
3601 1
3602 1
3603 0
3604 0
3605 0
3606 1
3607 0
3608 0
3609 3
3610 0
3611 0
3612 1
3613 1
3614 0
3615 3
3616 1
3617 0
3618 0
3619 0
3620 1
3621 1
3622 0
3623 0
3624 0
3625 0
3626 0
3627 0
3628 1
3629 0
3630 0
3631 0
3632 0
3633 0
3634 3
3635 0
3636 1
3637 0
3638 0
3639 1
3640 0
3641 0
3642 0
3643 0
3644 1
3645 0
3646 0
3647 0
3648 0
3649 0
3650 1
3651 0
3652 0
3653 0
3654 3
3655 0
3656 0
3657 0
3658 1
3659 0
3660 2
3661 0
3662 0
3663 3
3664 3
3665 1
3666 0
3667 2
3668 0
3669 2
3670 2
3671 1
3672 0
3673 0
3674 0
3675 0
3676 0
3677 0
3678 1
3679 3
3680 0
3681 0
3682 2
3683 0
3684 0
3685 0
3686 0
3687 2
3688 0
3689 0
3690 3
3691 3
3692 0
3693 0
3694 1
3695 0
3696 0
3697 0
3698 1
3699 3
3700 2
3701 0
3702 0
3703 3
3704 0
3705 3
3706 0
3707 0
3708 2
3709 2
3710 1
3711 0
3712 1
3713 0
3714 1
3715 1
3716 3
3717 3
3718 3
3719 0
3720 1
3721 3
3722 0
3723 2
3724 3
3725 3
3726 0
3727 1
3728 0
3729 2
3730 0
3731 0
3732 1
3733 0
3734 0
3735 0
3736 0
3737 2
3738 0
3739 1
3740 0
3741 0
3742 1
3743 1
3744 0
3745 0
3746 0
3747 0
3748 0
3749 1
3750 0
3751 3
3752 1
3753 2
3754 0
3755 2
3756 0
3757 0
3758 0
3759 0
3760 0
3761 2
3762 3
3763 0
3764 0
3765 0
3766 1
3767 0
3768 0
3769 0
3770 0
3771 1
3772 3
3773 2
3774 0
3775 0
3776 0
3777 0
3778 0
3779 0
3780 0
3781 0
3782 0
3783 1
3784 1
3785 0
3786 0
3787 3
3788 0
3789 1
3790 1
3791 0
3792 1
3793 1
3794 3
3795 0
3796 1
3797 0
3798 3
3799 1
3800 1
3801 0
3802 0
3803 0
3804 0
3805 0
3806 1
3807 3
3808 0
3809 0
3810 0
3811 0
3812 0
3813 0
3814 0
3815 0
3816 0
3817 0
3818 1
3819 0
3820 0
3821 0
3822 0
3823 0
3824 1
3825 1
3826 0
3827 0
3828 2
3829 0
3830 0
3831 0
3832 0
3833 1
3834 2
3835 3
3836 0
3837 0
3838 0
3839 3
3840 1
3841 0
3842 0
3843 0
3844 0
3845 0
3846 0
3847 2
3848 0
3849 1
3850 0
3851 1
3852 0
3853 0
3854 3
3855 0
3856 0
3857 0
3858 1
3859 0
3860 3
3861 0
3862 0
3863 0
3864 0
3865 0
3866 0
3867 2
3868 3
3869 0
3870 0
3871 0
3872 0
3873 0
3874 0
3875 1
3876 0
3877 0
3878 0
3879 2
3880 3
3881 3
3882 0
3883 3
3884 0
3885 1
3886 0
3887 0
3888 0
3889 3
3890 0
3891 0
3892 0
3893 0
3894 3
3895 0
3896 3
3897 1
3898 1
3899 0
3900 0
3901 3
3902 3
3903 0
3904 0
3905 0
3906 0
3907 1
3908 1
3909 0
3910 0
3911 0
3912 1
3913 3
3914 3
3915 3
3916 0
3917 3
3918 1
3919 0
3920 0
3921 2
3922 2
3923 0
3924 0
3925 1
3926 3
3927 0
3928 0
3929 1
3930 0
3931 1
3932 0
3933 0
3934 1
3935 3
3936 0
3937 1
3938 0
3939 0
3940 0
3941 0
3942 0
3943 0
3944 1
3945 0
3946 0
3947 0
3948 0
3949 0
3950 0
3951 0
3952 0
3953 1
3954 0
3955 0
3956 1
3957 0
3958 3
3959 0
3960 1
3961 1
3962 2
3963 2
3964 0
3965 3
3966 1
3967 0
3968 1
3969 2
3970 0
3971 0
3972 0
3973 0
3974 1
3975 1
3976 0
3977 0
3978 1
3979 0
3980 0
3981 1
3982 0
3983 0
3984 0
3985 0
3986 0
3987 1
3988 0
3989 0
3990 0
3991 1
3992 0
3993 2
3994 0
3995 0
3996 0
3997 1
3998 3
3999 0
4000 0
4001 0
4002 0
4003 0
4004 0
4005 0
4006 0
4007 0
4008 0
4009 3
4010 2
4011 0
4012 0
4013 1
4014 0
4015 0
4016 1
4017 0
4018 0
4019 0
4020 2
4021 0
4022 0
4023 0
4024 0
4025 2
4026 0
4027 1
4028 0
4029 0
4030 0
4031 1
4032 1
4033 0
4034 0
4035 0
4036 0
4037 0
4038 0
4039 0
4040 0
4041 1
4042 1
4043 2
4044 2
4045 0
4046 0
4047 1
4048 2
4049 2
4050 1
4051 0
4052 1
4053 3
4054 2
4055 0
4056 0
4057 1
4058 1
4059 0
4060 0
4061 2
4062 1
4063 0
4064 0
4065 0
4066 0
4067 3
4068 0
4069 0
4070 0
4071 2
4072 0
4073 0
4074 0
4075 2
4076 0
4077 2
4078 0
4079 1
4080 0
4081 0
4082 0
4083 3
4084 0
4085 0
4086 3
4087 1
4088 0
4089 0
4090 0
4091 2
4092 0
4093 0
4094 3
4095 3
4096 3
4097 0
4098 3
4099 0
4100 0
4101 0
4102 3
4103 3
4104 0
4105 1
4106 0
4107 0
4108 0
4109 1
4110 1
4111 0
4112 3
4113 1
4114 0
4115 0
4116 0
4117 1
4118 0
4119 1
4120 0
4121 1
4122 1
4123 3
4124 2
4125 0
4126 2
4127 0
4128 0
4129 0
4130 1
4131 0
4132 1
4133 0
4134 0
4135 0
4136 1
4137 1
4138 0
4139 0
4140 0
4141 1
4142 2
4143 2
4144 0
4145 0
4146 0
4147 0
4148 0
4149 3
4150 0
4151 0
4152 2
4153 0
4154 0
4155 0
4156 1
4157 0
4158 0
4159 0
4160 0
4161 0
4162 0
4163 0
4164 3
4165 1
4166 0
4167 2
4168 1
4169 1
4170 1
4171 2
4172 0
4173 0
4174 1
4175 0
4176 0
4177 1
4178 0
4179 0
4180 1
4181 0
4182 2
4183 1
4184 0
4185 0
4186 0
4187 0
4188 1
4189 3
4190 1
4191 0
4192 0
4193 0
4194 0
4195 0
4196 0
4197 0
4198 2
4199 1
4200 0
4201 2
4202 2
4203 2
4204 3
4205 0
4206 0
4207 0
4208 0
4209 1
4210 0
4211 0
4212 0
4213 0
4214 0
4215 0
4216 1
4217 0
4218 0
4219 1
4220 0
4221 0
4222 0
4223 1
4224 0
4225 0
4226 0
4227 0
4228 2
4229 2
4230 1
4231 0
4232 0
4233 1
4234 1
4235 3
4236 0
4237 0
4238 1
4239 0
4240 0
4241 0
4242 0
4243 1
4244 0
4245 1
4246 0
4247 1
4248 0
4249 2
4250 0
4251 1
4252 1
4253 0
4254 0
4255 0
4256 0
4257 3
4258 2
4259 1
4260 0
4261 2
4262 0
4263 0
4264 0
4265 0
4266 0
4267 1
4268 0
4269 0
4270 0
4271 0
4272 0
4273 0
4274 0
4275 0
4276 0
4277 0
4278 0
4279 0
4280 0
4281 3
4282 2
4283 0
4284 0
4285 0
4286 0
4287 0
4288 0
4289 0
4290 1
4291 1
4292 0
4293 0
4294 0
4295 0
4296 0
4297 3
4298 0
4299 2
4300 0
4301 3
4302 2
4303 1
4304 2
4305 2
4306 1
4307 1
4308 0
4309 1
4310 3
4311 0
4312 1
4313 0
4314 2
4315 0
4316 3
4317 0
4318 0
4319 2
4320 0
4321 0
4322 0
4323 2
4324 2
4325 0
4326 1
4327 0
4328 1
4329 2
4330 1
4331 0
4332 0
4333 1
4334 0
4335 0
4336 0
4337 0
4338 0
4339 0
4340 0
4341 0
4342 3
4343 1
4344 0
4345 1
4346 0
4347 1
4348 3
4349 1
4350 0
4351 0
4352 0
4353 1
4354 0
4355 0
4356 0
4357 0
4358 0
4359 1
4360 0
4361 0
4362 1
4363 0
4364 1
4365 0
4366 2
4367 0
4368 0
4369 1
4370 0
4371 0
4372 3
4373 2
4374 3
4375 0
4376 0
4377 0
4378 0
4379 0
4380 0
4381 0
4382 0
4383 3
4384 0
4385 0
4386 0
4387 0
4388 1
4389 1
4390 0
4391 2
4392 0
4393 1
4394 0
4395 0
4396 0
4397 0
4398 0
4399 0
4400 1
4401 0
4402 3
4403 0
4404 0
4405 0
4406 0
4407 0
4408 0
4409 1
4410 0
4411 0
4412 0
4413 0
4414 0
4415 1
4416 1
4417 1
4418 0
4419 0
4420 0
4421 0
4422 3
4423 1
4424 0
4425 1
4426 0
4427 0
4428 1
4429 0
4430 3
4431 2
4432 2
4433 2
4434 1
4435 0
4436 0
4437 1
4438 0
4439 0
4440 0
4441 1
4442 3
4443 0
4444 0
4445 0
4446 2
4447 0
4448 2
4449 0
4450 0
4451 0
4452 1
4453 1
4454 1
4455 0
4456 0
4457 1
4458 1
4459 0
4460 0
4461 0
4462 3
4463 0
4464 3
4465 0
4466 0
4467 1
4468 0
4469 0
4470 3
4471 1
4472 2
4473 0
4474 0
4475 1
4476 0
4477 0
4478 0
4479 0
4480 3
4481 2
4482 1
4483 0
4484 1
4485 1
4486 0
4487 1
4488 0
4489 1
4490 0
4491 1
4492 0
4493 1
4494 0
4495 0
4496 2
4497 0
4498 0
4499 0
4500 0
4501 1
4502 1
4503 0
4504 1
4505 0
4506 0
4507 0
4508 0
4509 0
4510 0
4511 0
4512 0
4513 1
4514 1
4515 0
4516 1
4517 0
4518 0
4519 0
4520 0
4521 3
4522 0
4523 0
4524 0
4525 0
4526 1
4527 0
4528 0
4529 0
4530 0
4531 1
4532 0
4533 1
4534 0
4535 0
4536 0
4537 2
4538 1
4539 1
4540 0
4541 0
4542 1
4543 0
4544 3
4545 1
4546 0
4547 0
4548 0
4549 0
4550 0
4551 1
4552 1
4553 0
4554 0
4555 2
4556 1
4557 0
4558 0
4559 0
4560 0
4561 0
4562 3
4563 0
4564 0
4565 2
4566 1
4567 0
4568 1
4569 2
4570 1
4571 0
4572 3
4573 0
4574 0
4575 1
4576 0
4577 1
4578 3
4579 0
4580 0
4581 0
4582 0
4583 1
4584 3
4585 0
4586 0
4587 2
4588 2
4589 0
4590 1
4591 1
4592 1
4593 0
4594 1
4595 0
4596 1
4597 0
4598 0
4599 1
4600 1
4601 3
4602 0
4603 0
4604 2
4605 0
4606 0
4607 0
4608 2
4609 0
4610 0
4611 0
4612 0
4613 0
4614 0
4615 0
4616 0
4617 0
4618 1
4619 0
4620 1
4621 1
4622 0
4623 0
4624 2
4625 3
4626 0
4627 2
4628 3
4629 0
4630 0
4631 1
4632 0
4633 0
4634 0
4635 0
4636 2
4637 1
4638 1
4639 1
4640 1
4641 0
4642 0
4643 2
4644 0
4645 2
4646 3
4647 2
4648 0
4649 1
4650 0
4651 0
4652 0
4653 0
4654 0
4655 0
4656 0
4657 0
4658 0
4659 0
4660 1
4661 0
4662 2
4663 2
4664 3
4665 0
4666 0
4667 1
4668 0
4669 0
4670 0
4671 0
4672 0
4673 0
4674 0
4675 1
4676 3
4677 0
4678 1
4679 0
4680 2
4681 2
4682 0
4683 0
4684 0
4685 0
4686 0
4687 0
4688 0
4689 0
4690 0
4691 1
4692 1
4693 3
4694 2
4695 0
4696 3
4697 0
4698 0
4699 2
4700 1
4701 1
4702 1
4703 0
4704 0
4705 0
4706 0
4707 0
4708 0
4709 0
4710 0
4711 0
4712 3
4713 2
4714 0
4715 0
4716 0
4717 0
4718 0
4719 0
4720 0
4721 0
4722 2
4723 0
4724 0
4725 0
4726 0
4727 2
4728 2
4729 0
4730 0
4731 0
4732 0
4733 0
4734 2
4735 0
4736 0
4737 2
4738 3
4739 0
4740 0
4741 0
4742 0
4743 0
4744 0
4745 1
4746 0
4747 0
4748 0
4749 1
4750 0
4751 1
4752 0
4753 2
4754 1
4755 0
4756 2
4757 3
4758 1
4759 0
4760 3
4761 1
4762 0
4763 1
4764 2
4765 0
4766 0
4767 0
4768 0
4769 3
4770 0
4771 0
4772 0
4773 1
4774 0
4775 1
4776 0
4777 0
4778 3
4779 3
4780 0
4781 0
4782 0
4783 0
4784 3
4785 0
4786 0
4787 2
4788 0
4789 0
4790 0
4791 0
4792 1
4793 1
4794 0
4795 1
4796 0
4797 0
4798 1
4799 0
4800 0
4801 0
4802 3
4803 1
4804 3
4805 0
4806 0
4807 0
4808 1
4809 3
4810 1
4811 0
4812 0
4813 0
4814 0
4815 1
4816 0
4817 0
4818 0
4819 0
4820 0
4821 1
4822 1
4823 0
4824 0
4825 1
4826 0
4827 0
4828 2
4829 0
4830 0
4831 1
4832 0
4833 1
4834 0
4835 0
4836 2
4837 1
4838 0
4839 0
4840 1
4841 1
4842 0
4843 0
4844 3
4845 1
4846 2
4847 0
4848 1
4849 0
4850 1
4851 0
4852 0
4853 1
4854 0
4855 1
4856 0
4857 0
4858 1
4859 1
4860 1
4861 0
4862 0
4863 0
4864 0
4865 2
4866 0
4867 0
4868 0
4869 1
4870 1
4871 0
4872 0
4873 0
4874 3
4875 0
4876 0
4877 1
4878 0
4879 0
4880 0
4881 1
4882 0
4883 0
4884 0
4885 1
4886 1
4887 0
4888 0
4889 0
4890 0
4891 0
4892 0
4893 1
4894 1
4895 1
4896 2
4897 0
4898 0
4899 1
4900 0
4901 0
4902 1
4903 1
4904 1
4905 1
4906 3
4907 0
4908 0
4909 0
4910 3
4911 0
4912 0
4913 0
4914 0
4915 3
4916 0
4917 0
4918 0
4919 2
4920 0
4921 2
4922 1
4923 2
4924 0
4925 0
4926 0
4927 1
4928 1
4929 0
4930 1
4931 1
4932 1
4933 0
4934 0
4935 1
4936 2
4937 1
4938 0
4939 2
4940 0
4941 0
4942 0
4943 0
4944 0
4945 1
4946 0
4947 0
4948 2
4949 0
4950 3
4951 0
4952 0
4953 0
4954 0
4955 1
4956 1
4957 0
4958 1
4959 0
4960 0
4961 0
4962 0
4963 0
4964 0
4965 0
4966 1
4967 0
4968 3
4969 0
4970 0
4971 0
4972 0
4973 1
4974 0
4975 0
4976 0
4977 0
4978 0
4979 0
4980 0
4981 0
4982 3
4983 0
4984 1
4985 0
4986 1
4987 2
4988 0
4989 0
4990 0
4991 1
4992 1
4993 0
4994 1
4995 1
4996 0
4997 0
4998 1
4999 0
