0 0
1 0
2 0
3 2
4 1
5 0
6 0
7 0
8 0
9 0
10 2
11 1
12 0
13 0
14 0
15 0
16 1
17 0
18 1
19 3
20 0
21 1
22 0
23 1
24 1
25 0
26 0
27 0
28 1
29 1
30 0
31 0
32 0
33 3
34 0
35 0
36 0
37 0
38 0
39 0
40 1
41 3
42 0
43 0
44 2
45 0
46 0
47 0
48 0
49 1
50 0
51 1
52 0
53 0
54 3
55 0
56 1
57 0
58 0
59 2
60 0
61 0
62 3
63 0
64 2
65 0
66 1
67 0
68 2
69 0
70 1
71 1
72 0
73 0
74 1
75 1
76 1
77 0
78 3
79 0
80 0
81 0
82 3
83 2
84 0
85 0
86 0
87 1
88 1
89 0
90 0
91 0
92 0
93 0
94 0
95 0
96 0
97 1
98 0
99 0
100 1
101 2
102 0
103 0
104 0
105 1
106 0
107 0
108 1
109 2
110 0
111 0
112 0
113 2
114 2
115 2
116 1
117 0
118 0
119 0
120 0
121 3
122 0
123 3
124 1
125 0
126 1
127 0
128 0
129 0
130 0
131 0
132 0
133 0
134 0
135 1
136 1
137 0
138 1
139 1
140 0
141 0
142 3
143 0
144 2
145 0
146 0
147 0
148 0
149 0
150 1
151 0
152 2
153 1
154 0
155 0
156 0
157 0
158 0
159 0
160 0
161 3
162 3
163 0
164 1
165 0
166 3
167 0
168 0
169 1
170 0
171 2
172 1
173 0
174 1
175 0
176 1
177 0
178 2
179 0
180 0
181 1
182 0
183 2
184 0
185 1
186 0
187 0
188 1
189 0
190 3
191 1
192 0
193 0
194 0
195 0
196 1
197 3
198 0
199 0
200 0
201 1
202 0
203 0
204 0
205 1
206 0
207 0
208 0
209 0
210 0
211 0
212 1
213 2
214 0
215 0
216 0
217 0
218 0
219 0
220 0
221 1
222 0
223 0
224 0
225 0
226 2
227 0
228 0
229 0
230 3
231 0
232 2
233 1
234 0
235 0
236 2
237 0
238 1
239 0
240 2
241 0
242 0
243 3
244 0
245 0
246 1
247 1
248 0
249 0
250 2
251 0
252 2
253 0
254 0
255 3
256 0
257 1
258 0
259 0
260 0
261 0
262 0
263 2
264 0
265 1
266 0
267 0
268 0
269 2
270 0
271 0
272 0
273 0
274 0
275 0
276 0
277 1
278 3
279 0
280 3
281 0
282 1
283 0
284 1
285 1
286 0
287 0
288 2
289 0
290 0
291 0
292 2
293 1
294 2
295 1
296 0
297 0
298 0
299 0
300 0
301 0
302 2
303 1
304 0
305 0
306 0
307 0
308 1
309 0
310 1
311 2
312 0
313 1
314 0
315 0
316 1
317 0
318 1
319 1
320 0
321 0
322 1
323 0
324 2
325 0
326 0
327 1
328 0
329 3
330 0
331 0
332 1
333 3
334 0
335 2
336 1
337 0
338 2
339 1
340 1
341 0
342 2
343 0
344 3
345 0
346 1
347 0
348 0
349 0
350 0
351 0
352 0
353 0
354 1
355 0
356 3
357 2
358 1
359 2
360 0
361 1
362 0
363 0
364 0
365 0
366 0
367 0
368 1
369 0
370 1
371 2
372 2
373 0
374 0
375 1
376 0
377 0
378 1
379 0
380 0
381 0
382 0
383 1
384 3
385 0
386 0
387 1
388 0
389 0
390 3
391 3
392 0
393 0
394 1
395 0
396 2
397 0
398 1
399 0
400 1
401 1
402 2
403 0
404 1
405 0
406 0
407 0
408 0
409 1
410 1
411 0
412 0
413 0
414 1
415 0
416 0
417 0
418 0
419 1
420 0
421 1
422 0
423 1
424 2
425 2
426 3
427 0
428 0
429 1
430 1
431 0
432 0
433 0
434 2
435 3
436 1
437 2
438 0
439 0
440 1
441 3
442 0
443 0
444 1
445 1
446 2
447 0
448 1
449 0
450 1
451 2
452 0
453 1
454 0
455 0
456 0
457 1
458 0
459 1
460 0
461 0
462 0
463 0
464 0
465 0
466 2
467 3
468 2
469 0
470 0
471 3
472 1
473 0
474 0
475 0
476 0
477 1
478 0
479 2
480 1
481 1
482 0
483 0
484 2
485 0
486 2
487 0
488 1
489 1
490 1
491 1
492 0
493 0
494 0
495 0
496 0
497 0
498 1
499 0
500 2
501 0
502 0
503 0
504 1
505 0
506 1
507 3
508 2
509 0
510 1
511 0
512 1
513 1
514 0
515 0
516 0
517 0
518 0
519 0
520 0
521 0
522 0
523 0
524 0
525 0
526 1
527 1
528 0
529 2
530 0
531 0
532 0
533 0
534 0
535 0
536 0
537 0
538 0
539 0
540 2
541 2
542 0
543 0
544 0
545 2
546 0
547 0
548 0
549 1
550 0
551 2
552 0
553 2
554 0
555 0
556 2
557 1
558 3
559 1
560 0
561 0
562 0
563 2
564 0
565 1
566 1
567 1
568 2
569 0
570 0
571 0
572 3
573 0
574 2
575 1
576 1
577 0
578 1
579 2
580 2
581 0
582 2
583 0
584 1
585 1
586 1
587 2
588 0
589 1
590 1
591 0
592 1
593 2
594 1
595 0
596 0
597 1
598 0
599 0
600 0
601 0
602 0
603 1
604 3
605 1
606 1
607 0
608 1
609 0
610 1
611 0
612 0
613 0
614 0
615 0
616 0
617 3
618 0
619 0
620 0
621 0
622 1
623 2
624 0
625 0
626 1
627 1
628 2
629 0
630 2
631 0
632 0
633 1
634 0
635 1
636 0
637 0
638 1
639 1
640 2
641 0
642 0
643 0
644 0
645 1
646 0
647 0
648 0
649 0
650 1
651 3
652 0
653 0
654 1
655 2
656 0
657 0
658 1
659 0
660 1
661 2
662 1
663 0
664 1
665 3
666 0
667 3
668 1
669 0
670 0
671 1
672 2
673 2
674 2
675 1
676 0
677 0
678 0
679 2
680 0
681 2
682 1
683 0
684 0
685 1
686 1
687 2
688 0
689 0
690 0
691 0
692 0
693 0
694 0
695 2
696 0
697 3
698 3
699 0
700 2
701 2
702 1
703 1
704 1
705 2
706 0
707 3
708 3
709 1
710 0
711 0
712 0
713 0
714 0
715 1
716 0
717 2
718 2
719 0
720 0
721 0
722 0
723 2
724 0
725 0
726 0
727 0
728 0
729 0
730 2
731 0
732 3
733 2
734 2
735 0
736 1
737 1
738 0
739 3
740 0
741 2
742 1
743 2
744 0
745 1
746 2
747 1
748 0
749 0
750 0
751 0
752 0
753 0
754 0
755 1
756 1
757 0
758 0
759 0
760 0
761 0
762 0
763 2
764 0
765 0
766 1
767 0
768 0
769 3
770 0
771 1
772 0
773 0
774 0
775 1
776 0
777 0
778 1
779 0
780 2
781 0
782 1
783 0
784 3
785 1
786 0
787 2
788 3
789 0
790 0
791 0
792 0
793 0
794 1
795 0
796 1
797 1
798 0
799 0
800 0
801 1
802 2
803 0
804 0
805 0
806 1
807 1
808 0
809 0
810 0
811 0
812 0
813 1
814 0
815 0
816 1
817 0
818 0
819 0
820 2
821 0
822 0
823 1
824 1
825 0
826 1
827 1
828 0
829 0
830 2
831 0
832 1
833 1
834 0
835 0
836 3
837 0
838 0
839 0
840 0
841 0
842 0
843 0
844 1
845 1
846 0
847 0
848 2
849 0
850 0
851 0
852 1
853 0
854 1
855 1
856 1
857 1
858 1
859 0
860 3
861 0
862 2
863 0
864 1
865 2
866 0
867 0
868 1
869 1
870 1
871 1
872 1
873 1
874 0
875 0
876 0
877 0
878 0
879 0
880 0
881 0
882 1
883 0
884 0
885 1
886 0
887 1
888 0
889 0
890 0
891 0
892 1
893 2
894 0
895 1
896 0
897 0
898 1
899 2
900 0
901 0
902 0
903 0
904 2
905 2
906 0
907 0
908 0
909 2
910 1
911 0
912 0
913 0
914 0
915 0
916 0
917 0
918 1
919 0
920 0
921 0
922 2
923 0
924 0
925 0
926 0
927 1
928 0
929 1
930 0
931 2
932 1
933 0
934 0
935 0
936 0
937 2
938 0
939 0
940 1
941 1
942 0
943 1
944 0
945 0
946 0
947 0
948 2
949 1
950 0
951 1
952 1
953 1
954 0
955 0
956 1
957 0
958 0
959 0
960 2
961 1
962 2
963 1
964 0
965 0
966 0
967 0
968 0
969 1
970 0
971 0
972 0
973 0
974 0
975 2
976 2
977 1
978 0
979 0
980 0
981 2
982 0
983 0
984 1
985 0
986 0
987 1
988 0
989 2
990 0
991 0
992 0
993 0
994 0
995 0
996 0
997 0
998 0
999 0
1000 1
1001 0
1002 0
1003 3
1004 0
1005 0
1006 0
1007 1
1008 0
1009 0
1010 0
1011 2
1012 0
1013 2
1014 0
1015 1
1016 0
1017 2
1018 0
1019 0
1020 0
1021 0
1022 2
1023 0
1024 0
1025 1
1026 1
1027 0
1028 1
1029 0
1030 2
1031 0
1032 0
1033 1
1034 1
1035 0
1036 0
1037 0
1038 0
1039 1
1040 1
1041 0
1042 2
1043 1
1044 0
1045 0
1046 0
1047 0
1048 0
1049 1
1050 0
1051 1
1052 1
1053 0
1054 1
1055 0
1056 0
1057 0
1058 0
1059 0
1060 0
1061 3
1062 0
1063 0
1064 0
1065 3
1066 1
1067 0
1068 0
1069 1
1070 0
1071 0
1072 0
1073 0
1074 0
1075 0
1076 1
1077 0
1078 1
1079 0
1080 0
1081 1
1082 1
1083 1
1084 0
1085 0
1086 0
1087 0
1088 0
1089 1
1090 2
1091 2
1092 0
1093 0
1094 0
1095 2
1096 1
1097 0
1098 0
1099 0
1100 0
1101 0
1102 0
1103 0
1104 0
1105 3
1106 0
1107 0
1108 0
1109 0
1110 0
1111 3
1112 0
1113 0
1114 1
1115 1
1116 2
1117 0
1118 0
1119 0
1120 1
1121 1
1122 2
1123 0
1124 1
1125 0
1126 0
1127 0
1128 1
1129 0
1130 0
1131 3
1132 0
1133 1
1134 1
1135 0
1136 2
1137 0
1138 3
1139 0
1140 2
1141 1
1142 1
1143 0
1144 1
1145 0
1146 0
1147 0
1148 0
1149 1
1150 2
1151 0
1152 1
1153 0
1154 0
1155 0
1156 0
1157 1
1158 0
1159 0
1160 0
1161 1
1162 3
1163 0
1164 1
1165 0
1166 0
1167 1
1168 3
1169 0
1170 0
1171 1
1172 1
1173 0
1174 2
1175 0
1176 2
1177 2
1178 0
1179 1
1180 1
1181 1
1182 0
1183 1
1184 2
1185 0
1186 2
1187 1
1188 1
1189 0
1190 1
1191 0
1192 0
1193 1
1194 0
1195 0
1196 0
1197 2
1198 2
1199 0
1200 1
1201 2
1202 0
1203 1
1204 2
1205 0
1206 1
1207 2
1208 2
1209 0
1210 0
1211 0
1212 0
1213 2
1214 0
1215 2
1216 2
1217 1
1218 3
1219 1
1220 0
1221 1
1222 0
1223 0
1224 0
1225 1
1226 1
1227 0
1228 0
1229 0
1230 0
1231 0
1232 1
1233 0
1234 0
1235 0
1236 3
1237 2
1238 0
1239 0
1240 2
1241 0
1242 0
1243 0
1244 0
1245 0
1246 0
1247 1
1248 0
1249 1
1250 0
1251 2
1252 2
1253 1
1254 0
1255 0
1256 1
1257 1
1258 0
1259 3
1260 2
1261 1
1262 0
1263 1
1264 0
1265 1
1266 0
1267 1
1268 0
1269 0
1270 2
1271 1
1272 0
1273 0
1274 1
1275 0
1276 0
1277 0
1278 0
1279 0
1280 0
1281 0
1282 2
1283 3
1284 1
1285 0
1286 0
1287 0
1288 0
1289 0
1290 0
1291 0
1292 0
1293 0
1294 1
1295 0
1296 0
1297 0
1298 0
1299 2
1300 0
1301 0
1302 0
1303 1
1304 2
1305 0
1306 0
1307 0
1308 0
1309 0
1310 0
1311 0
1312 0
1313 2
1314 0
1315 1
1316 1
1317 2
1318 2
1319 1
1320 0
1321 1
1322 0
1323 0
1324 0
1325 1
1326 0
1327 0
1328 0
1329 0
1330 0
1331 0
1332 0
1333 0
1334 2
1335 1
1336 0
1337 0
1338 0
1339 0
1340 0
1341 2
1342 1
1343 2
1344 2
1345 1
1346 0
1347 0
1348 0
1349 0
1350 0
1351 2
1352 1
1353 2
1354 1
1355 0
1356 0
1357 0
1358 0
1359 1
1360 0
1361 0
1362 0
1363 0
1364 1
1365 0
1366 0
1367 0
1368 0
1369 2
1370 0
1371 2
1372 0
1373 0
1374 2
1375 0
1376 1
1377 0
1378 0
1379 0
1380 0
1381 0
1382 0
1383 1
1384 0
1385 0
1386 1
1387 0
1388 0
1389 0
1390 3
1391 0
1392 2
1393 2
1394 2
1395 1
1396 2
1397 0
1398 0
1399 0
1400 2
1401 0
1402 0
1403 0
1404 2
1405 2
1406 0
1407 1
1408 0
1409 0
1410 0
1411 1
1412 2
1413 0
1414 0
1415 0
1416 1
1417 0
1418 0
1419 2
1420 0
1421 2
1422 2
1423 1
1424 1
1425 1
1426 0
1427 0
1428 0
1429 0
1430 2
1431 1
1432 0
1433 1
1434 2
1435 0
1436 0
1437 1
1438 1
1439 1
1440 2
1441 2
1442 1
1443 3
1444 2
1445 0
1446 3
1447 0
1448 2
1449 0
1450 1
1451 0
1452 0
1453 0
1454 1
1455 0
1456 0
1457 2
1458 0
1459 0
1460 0
1461 1
1462 0
1463 0
1464 0
1465 1
1466 0
1467 0
1468 0
1469 0
1470 0
1471 0
1472 0
1473 0
1474 0
1475 1
1476 3
1477 0
1478 0
1479 1
1480 0
1481 0
1482 0
1483 3
1484 2
1485 2
1486 2
1487 0
1488 0
1489 1
1490 3
1491 0
1492 1
1493 0
1494 0
1495 0
1496 1
1497 2
1498 0
1499 0
1500 0
1501 1
1502 1
1503 1
1504 0
1505 0
1506 0
1507 1
1508 0
1509 1
1510 0
1511 1
1512 2
1513 2
1514 0
1515 0
1516 0
1517 1
1518 0
1519 0
1520 2
1521 0
1522 0
1523 0
1524 2
1525 0
1526 0
1527 0
1528 0
1529 2
1530 0
1531 3
1532 0
1533 1
1534 0
1535 0
1536 0
1537 0
1538 1
1539 1
1540 0
1541 0
1542 0
1543 0
1544 0
1545 0
1546 1
1547 0
1548 0
1549 0
1550 0
1551 0
1552 1
1553 0
1554 1
1555 3
1556 0
1557 3
1558 0
1559 0
1560 1
1561 0
1562 2
1563 0
1564 0
1565 0
1566 0
1567 0
1568 1
1569 0
1570 0
1571 0
1572 0
1573 1
1574 3
1575 1
1576 0
1577 3
1578 1
1579 0
1580 0
1581 0
1582 0
1583 0
1584 0
1585 1
1586 2
1587 1
1588 0
1589 0
1590 0
1591 0
1592 1
1593 0
1594 0
1595 0
1596 0
1597 2
1598 1
1599 0
1600 0
1601 2
1602 2
1603 0
1604 1
1605 0
1606 0
1607 3
1608 2
1609 3
1610 0
1611 1
1612 2
1613 2
1614 0
1615 0
1616 1
1617 2
1618 0
1619 0
1620 2
1621 2
1622 0
1623 2
1624 2
1625 0
1626 0
1627 1
1628 0
1629 0
1630 0
1631 0
1632 1
1633 0
1634 3
1635 0
1636 2
1637 0
1638 2
1639 2
1640 0
1641 1
1642 2
1643 1
1644 0
1645 1
1646 0
1647 0
1648 0
1649 0
1650 1
1651 0
1652 0
1653 0
1654 0
1655 0
1656 0
1657 0
1658 2
1659 0
1660 0
1661 0
1662 0
1663 0
1664 0
1665 0
1666 0
1667 1
1668 1
1669 2
1670 0
1671 1
1672 2
1673 1
1674 2
1675 0
1676 1
1677 0
1678 0
1679 0
1680 0
1681 0
1682 0
1683 0
1684 0
1685 1
1686 0
1687 0
1688 0
1689 0
1690 3
1691 0
1692 0
1693 1
1694 0
1695 0
1696 0
1697 0
1698 3
1699 1
1700 0
1701 0
1702 0
1703 1
1704 1
1705 0
1706 0
1707 1
1708 2
1709 0
1710 0
1711 0
1712 0
1713 0
1714 0
1715 0
1716 0
1717 0
1718 0
1719 1
1720 2
1721 0
1722 1
1723 0
1724 1
1725 1
1726 1
1727 0
1728 0
1729 0
1730 0
1731 0
1732 0
1733 0
1734 0
1735 1
1736 0
1737 0
1738 0
1739 0
1740 0
1741 0
1742 2
1743 2
1744 0
1745 1
1746 0
1747 0
1748 2
1749 1
1750 0
1751 0
1752 2
1753 0
1754 1
1755 2
1756 0
1757 0
1758 0
1759 0
1760 1
1761 0
1762 0
1763 2
1764 0
1765 2
1766 1
1767 3
1768 1
1769 0
1770 2
1771 0
1772 0
1773 1
1774 0
1775 0
1776 0
1777 0
1778 0
1779 1
1780 0
1781 1
1782 1
1783 0
1784 1
1785 2
1786 2
1787 0
1788 1
1789 0
1790 1
1791 0
1792 0
1793 0
1794 0
1795 0
1796 0
1797 0
1798 0
1799 0
1800 0
1801 2
1802 1
1803 0
1804 2
1805 0
1806 0
1807 1
1808 1
1809 0
1810 0
1811 1
1812 0
1813 1
1814 0
1815 0
1816 0
1817 2
1818 0
1819 0
1820 2
1821 0
1822 2
1823 1
1824 1
1825 3
1826 2
1827 2
1828 0
1829 0
1830 1
1831 0
1832 2
1833 0
1834 1
1835 0
1836 0
1837 0
1838 0
1839 0
1840 0
1841 0
1842 0
1843 2
1844 1
1845 0
1846 0
1847 0
1848 0
1849 0
1850 0
1851 2
1852 2
1853 2
1854 0
1855 0
1856 0
1857 0
1858 0
1859 2
1860 0
1861 2
1862 1
1863 1
1864 0
1865 0
1866 1
1867 0
1868 0
1869 0
1870 1
1871 0
1872 0
1873 2
1874 0
1875 2
1876 1
1877 0
1878 0
1879 1
1880 0
1881 0
1882 2
1883 0
1884 0
1885 0
1886 0
1887 2
1888 0
1889 0
1890 0
1891 0
1892 1
1893 0
1894 1
1895 0
1896 0
1897 2
1898 0
1899 1
1900 2
1901 0
1902 0
1903 0
1904 0
1905 2
1906 2
1907 3
1908 0
1909 0
1910 0
1911 1
1912 1
1913 0
1914 0
1915 0
1916 0
1917 0
1918 1
1919 0
1920 0
1921 2
1922 1
1923 0
1924 0
1925 0
1926 3
1927 0
1928 0
1929 0
1930 0
1931 0
1932 0
1933 0
1934 0
1935 0
1936 1
1937 2
1938 0
1939 2
1940 2
1941 1
1942 3
1943 0
1944 0
1945 1
1946 0
1947 0
1948 0
1949 1
1950 0
1951 3
1952 1
1953 1
1954 2
1955 0
1956 0
1957 0
1958 0
1959 0
1960 1
1961 0
1962 0
1963 0
1964 0
1965 3
1966 1
1967 0
1968 1
1969 0
1970 0
1971 0
1972 0
1973 0
1974 3
1975 0
1976 0
1977 0
1978 0
1979 0
1980 0
1981 0
1982 1
1983 2
1984 1
1985 1
1986 1
1987 0
1988 0
1989 0
1990 0
1991 0
1992 0
1993 1
1994 2
1995 1
1996 1
1997 1
1998 1
1999 1
2000 0
2001 0
2002 0
2003 0
2004 0
2005 0
2006 1
2007 3
2008 0
2009 0
2010 0
2011 0
2012 1
2013 0
2014 0
2015 1
2016 1
2017 0
2018 3
2019 3
2020 0
2021 0
2022 0
2023 0
2024 2
2025 0
2026 0
2027 0
2028 0
2029 2
2030 0
2031 0
2032 1
2033 0
2034 2
2035 0
2036 1
2037 1
2038 2
2039 0
2040 2
2041 0
2042 2
2043 2
2044 0
2045 0
2046 1
2047 1
2048 0
2049 0
2050 1
2051 1
2052 2
2053 2
2054 0
2055 0
2056 1
2057 1
2058 0
2059 0
2060 1
2061 0
2062 0
2063 1
2064 0
2065 0
2066 2
2067 0
2068 1
2069 0
2070 0
2071 2
2072 0
2073 0
2074 3
2075 0
2076 0
2077 0
2078 1
2079 1
2080 0
2081 0
2082 0
2083 0
2084 0
2085 0
2086 0
2087 0
2088 2
2089 0
2090 0
2091 2
2092 0
2093 0
2094 0
2095 2
2096 0
2097 0
2098 0
2099 0
2100 0
2101 1
2102 0
2103 0
2104 0
2105 2
2106 2
2107 0
2108 0
2109 2
2110 0
2111 0
2112 0
2113 0
2114 2
2115 0
2116 0
2117 0
2118 1
2119 2
2120 0
2121 1
2122 1
2123 0
2124 0
2125 2
2126 2
2127 0
2128 0
2129 0
2130 0
2131 0
2132 0
2133 0
2134 0
2135 0
2136 0
2137 0
2138 2
2139 0
2140 0
2141 1
2142 2
2143 0
2144 0
2145 0
2146 0
2147 1
2148 0
2149 0
2150 0
2151 1
2152 0
2153 1
2154 0
2155 1
2156 1
2157 0
2158 0
2159 1
2160 2
2161 2
2162 0
2163 0
2164 0
2165 0
2166 0
2167 0
2168 0
2169 0
2170 0
2171 1
2172 2
2173 1
2174 0
2175 0
2176 1
2177 1
2178 2
2179 0
2180 0
2181 0
2182 0
2183 0
2184 0
2185 1
2186 2
2187 0
2188 0
2189 0
2190 0
2191 0
2192 0
2193 3
2194 0
2195 0
2196 2
2197 0
2198 0
2199 1
2200 0
2201 0
2202 0
2203 0
2204 2
2205 1
2206 3
2207 0
2208 0
2209 0
2210 0
2211 1
2212 1
2213 0
2214 0
2215 2
2216 3
2217 3
2218 1
2219 3
2220 0
2221 1
2222 0
2223 0
2224 0
2225 0
2226 0
2227 2
2228 1
2229 3
2230 0
2231 0
2232 0
2233 3
2234 2
2235 0
2236 0
2237 1
2238 0
2239 0
2240 0
2241 0
2242 0
2243 0
2244 1
2245 2
2246 2
2247 2
2248 0
2249 0
2250 0
2251 2
2252 0
2253 0
2254 0
2255 1
2256 0
2257 0
2258 0
2259 0
2260 0
2261 0
2262 1
2263 0
2264 0
2265 0
2266 3
2267 0
2268 0
2269 1
2270 0
2271 0
2272 2
2273 0
2274 1
2275 0
2276 0
2277 0
2278 0
2279 2
2280 0
2281 1
2282 0
2283 0
2284 1
2285 1
2286 0
2287 0
2288 0
2289 0
2290 0
2291 0
2292 1
2293 0
2294 0
2295 0
2296 0
2297 2
2298 0
2299 0
2300 0
2301 0
2302 2
2303 2
2304 1
2305 1
2306 1
2307 0
2308 0
2309 1
2310 1
2311 0
2312 2
2313 3
2314 0
2315 1
2316 1
2317 1
2318 0
2319 0
2320 0
2321 0
2322 2
2323 3
2324 0
2325 2
2326 0
2327 0
2328 0
2329 2
2330 0
2331 1
2332 0
2333 1
2334 1
2335 2
2336 0
2337 0
2338 0
2339 0
2340 3
2341 0
2342 1
2343 0
2344 1
2345 0
2346 0
2347 1
2348 1
2349 0
2350 0
2351 2
2352 1
2353 0
2354 0
2355 0
2356 0
2357 0
2358 0
2359 2
2360 2
2361 1
2362 0
2363 0
2364 0
2365 2
2366 0
2367 0
2368 2
2369 3
2370 0
2371 0
2372 0
2373 0
2374 1
2375 1
2376 1
2377 0
2378 0
2379 0
2380 0
2381 2
2382 1
2383 1
2384 0
2385 1
2386 2
2387 2
2388 0
2389 0
2390 2
2391 0
2392 1
2393 0
2394 0
2395 2
2396 0
2397 0
2398 0
2399 0
2400 0
2401 2
2402 0
2403 0
2404 2
2405 0
2406 3
2407 0
2408 1
2409 2
2410 0
2411 1
2412 1
2413 0
2414 0
2415 0
2416 0
2417 0
2418 1
2419 0
2420 0
2421 0
2422 0
2423 0
2424 0
2425 0
2426 0
2427 0
2428 1
2429 0
2430 3
2431 0
2432 1
2433 0
2434 0
2435 1
2436 0
2437 0
2438 1
2439 0
2440 0
2441 0
2442 0
2443 0
2444 1
2445 0
2446 0
2447 1
2448 0
2449 1
2450 3
2451 0
2452 1
2453 0
2454 0
2455 0
2456 0
2457 2
2458 0
2459 0
2460 1
2461 1
2462 0
2463 0
2464 0
2465 1
2466 0
2467 0
2468 0
2469 0
2470 0
2471 0
2472 0
2473 1
2474 0
2475 1
2476 0
2477 2
2478 2
2479 0
2480 1
2481 0
2482 0
2483 0
2484 1
2485 1
2486 0
2487 0
2488 0
2489 2
2490 1
2491 3
2492 0
2493 0
2494 0
2495 0
2496 0
2497 0
2498 0
2499 0
2500 1
2501 0
2502 3
2503 0
2504 0
2505 1
2506 0
2507 0
2508 0
2509 2
2510 0
2511 0
2512 0
2513 0
2514 1
2515 0
2516 1
2517 1
2518 0
2519 0
2520 0
2521 0
2522 1
2523 2
2524 0
2525 0
2526 2
2527 2
2528 0
2529 0
2530 0
2531 0
2532 0
2533 0
2534 3
2535 1
2536 0
2537 0
2538 0
2539 0
2540 1
2541 2
2542 0
2543 2
2544 0
2545 0
2546 0
2547 0
2548 1
2549 0
2550 0
2551 1
2552 0
2553 0
2554 1
2555 0
2556 0
2557 0
2558 1
2559 2
2560 1
2561 0
2562 1
2563 0
2564 0
2565 0
2566 0
2567 0
2568 3
2569 0
2570 2
2571 0
2572 3
2573 1
2574 0
2575 0
2576 2
2577 1
2578 0
2579 1
2580 0
2581 0
2582 0
2583 0
2584 0
2585 0
2586 1
2587 0
2588 0
2589 1
2590 2
2591 2
2592 1
2593 2
2594 0
2595 0
2596 3
2597 0
2598 1
2599 0
2600 1
2601 1
2602 0
2603 0
2604 0
2605 0
2606 2
2607 0
2608 0
2609 2
2610 0
2611 0
2612 0
2613 2
2614 0
2615 2
2616 0
2617 0
2618 1
2619 0
2620 1
2621 1
2622 1
2623 2
2624 0
2625 0
2626 0
2627 3
2628 1
2629 3
2630 0
2631 3
2632 0
2633 0
2634 0
2635 3
2636 0
2637 0
2638 2
2639 0
2640 0
2641 0
2642 0
2643 0
2644 0
2645 1
2646 0
2647 0
2648 0
2649 3
2650 3
2651 1
2652 0
2653 0
2654 1
2655 1
2656 2
2657 2
2658 1
2659 3
2660 1
2661 2
2662 1
2663 2
2664 1
2665 1
2666 2
2667 1
2668 1
2669 1
2670 0
2671 0
2672 0
2673 0
2674 2
2675 1
2676 0
2677 0
2678 0
2679 0
2680 1
2681 0
2682 0
2683 0
2684 0
2685 0
2686 0
2687 2
2688 0
2689 0
2690 0
2691 2
2692 0
2693 1
2694 0
2695 0
2696 0
2697 0
2698 0
2699 2
2700 3
2701 0
2702 2
2703 2
2704 1
2705 0
2706 0
2707 1
2708 3
2709 2
2710 1
2711 0
2712 0
2713 0
2714 1
2715 0
2716 1
2717 0
2718 1
2719 1
2720 0
2721 1
2722 0
2723 0
2724 0
2725 0
2726 0
2727 2
2728 2
2729 0
2730 0
2731 0
2732 0
2733 0
2734 3
2735 0
2736 1
2737 1
2738 2
2739 0
2740 0
2741 0
2742 3
2743 3
2744 0
2745 2
2746 0
2747 2
2748 1
2749 0
2750 0
2751 2
2752 0
2753 2
2754 0
2755 2
2756 1
2757 2
2758 0
2759 0
2760 0
2761 1
2762 0
2763 0
2764 0
2765 0
2766 0
2767 2
2768 0
2769 0
2770 0
2771 0
2772 0
2773 1
2774 3
2775 1
2776 1
2777 0
2778 0
2779 1
2780 1
2781 0
2782 1
2783 2
2784 2
2785 0
2786 0
2787 1
2788 0
2789 0
2790 0
2791 0
2792 1
2793 0
2794 0
2795 2
2796 1
2797 1
2798 2
2799 0
2800 1
2801 0
2802 0
2803 0
2804 0
2805 0
2806 0
2807 0
2808 0
2809 0
2810 0
2811 0
2812 0
2813 0
2814 2
2815 0
2816 1
2817 1
2818 0
2819 0
2820 2
2821 2
2822 2
2823 1
2824 0
2825 0
2826 3
2827 1
2828 0
2829 0
2830 0
2831 0
2832 1
2833 0
2834 0
2835 2
2836 1
2837 1
2838 0
2839 0
2840 2
2841 0
2842 1
2843 0
2844 0
2845 3
2846 1
2847 1
2848 0
2849 0
2850 0
2851 0
2852 0
2853 1
2854 0
2855 0
2856 1
2857 1
2858 0
2859 0
2860 0
2861 2
2862 1
2863 2
2864 2
2865 0
2866 0
2867 1
2868 0
2869 1
2870 0
2871 0
2872 0
2873 2
2874 0
2875 1
2876 0
2877 1
2878 0
2879 0
2880 0
2881 2
2882 0
2883 1
2884 0
2885 2
2886 3
2887 1
2888 0
2889 0
2890 2
2891 0
2892 0
2893 0
2894 0
2895 1
2896 0
2897 3
2898 0
2899 1
2900 0
2901 0
2902 2
2903 1
2904 1
2905 1
2906 2
2907 1
2908 1
2909 0
2910 0
2911 1
2912 0
2913 0
2914 0
2915 1
2916 0
2917 0
2918 0
2919 1
2920 0
2921 0
2922 0
2923 0
2924 0
2925 0
2926 0
2927 0
2928 1
2929 0
2930 1
2931 0
2932 1
2933 1
2934 0
2935 0
2936 2
2937 1
2938 0
2939 1
2940 0
2941 0
2942 1
2943 0
2944 0
2945 0
2946 2
2947 0
2948 0
2949 0
2950 0
2951 0
2952 0
2953 0
2954 1
2955 2
2956 0
2957 0
2958 0
2959 0
2960 2
2961 0
2962 0
2963 2
2964 2
2965 0
2966 0
2967 0
2968 0
2969 1
2970 0
2971 2
2972 0
2973 0
2974 0
2975 0
2976 0
2977 0
2978 3
2979 1
2980 0
2981 1
2982 0
2983 0
2984 0
2985 0
2986 0
2987 2
2988 0
2989 0
2990 2
2991 0
2992 3
2993 3
2994 0
2995 0
2996 0
2997 0
2998 0
2999 0
3000 0
3001 3
3002 0
3003 0
3004 0
3005 1
3006 0
3007 2
3008 0
3009 0
3010 0
3011 1
3012 2
3013 0
3014 0
3015 1
3016 0
3017 1
3018 1
3019 0
3020 2
3021 1
3022 0
3023 1
3024 1
3025 0
3026 0
3027 0
3028 0
3029 0
3030 0
3031 0
3032 0
3033 0
3034 1
3035 0
3036 1
3037 0
3038 0
3039 0
3040 2
3041 0
3042 1
3043 0
3044 1
3045 1
3046 0
3047 0
3048 0
3049 2
3050 1
3051 2
3052 0
3053 0
3054 1
3055 1
3056 0
3057 0
3058 0
3059 0
3060 0
3061 1
3062 1
3063 1
3064 0
3065 2
3066 0
3067 1
3068 1
3069 2
3070 0
3071 2
3072 0
3073 2
3074 2
3075 0
3076 0
3077 3
3078 2
3079 0
3080 0
3081 0
3082 0
3083 0
3084 0
3085 0
3086 3
3087 0
3088 0
3089 1
3090 0
3091 0
3092 0
3093 0
3094 0
3095 0
3096 0
3097 2
3098 0
3099 0
3100 1
3101 2
3102 0
3103 0
3104 1
3105 0
3106 3
3107 0
3108 0
3109 3
3110 1
3111 0
3112 0
3113 0
3114 0
3115 0
3116 1
3117 1
3118 0
3119 0
3120 2
3121 0
3122 1
3123 0
3124 0
3125 0
3126 0
3127 2
3128 0
3129 0
3130 0
3131 0
3132 2
3133 0
3134 1
3135 1
3136 0
3137 1
3138 0
3139 0
3140 0
3141 0
3142 2
3143 0
3144 1
3145 0
3146 0
3147 0
3148 0
3149 0
3150 2
3151 0
3152 0
3153 1
3154 0
3155 0
3156 0
3157 0
3158 0
3159 0
3160 3
3161 0
3162 0
3163 1
3164 0
3165 3
3166 1
3167 0
3168 0
3169 0
3170 0
3171 0
3172 0
3173 0
3174 0
3175 2
3176 0
3177 0
3178 3
3179 0
3180 0
3181 0
3182 0
3183 1
3184 1
3185 0
3186 0
3187 1
3188 0
3189 0
3190 0
3191 1
3192 0
3193 0
3194 0
3195 0
3196 1
3197 0
3198 0
3199 0
3200 3
3201 0
3202 0
3203 1
3204 1
3205 2
3206 0
3207 0
3208 2
3209 0
3210 2
3211 0
3212 0
3213 1
3214 2
3215 0
3216 1
3217 0
3218 0
3219 0
3220 1
3221 1
3222 1
3223 0
3224 0
3225 3
3226 2
3227 0
3228 0
3229 2
3230 0
3231 0
3232 0
3233 0
3234 0
3235 0
3236 2
3237 0
3238 0
3239 2
3240 0
3241 0
3242 0
3243 0
3244 1
3245 0
3246 2
3247 0
3248 1
3249 0
3250 1
3251 0
3252 1
3253 0
3254 1
3255 1
3256 0
3257 0
3258 0
3259 0
3260 0
3261 0
3262 0
3263 0
3264 1
3265 0
3266 0
3267 0
3268 0
3269 1
3270 0
3271 2
3272 0
3273 0
3274 0
3275 0
3276 0
3277 2
3278 0
3279 0
3280 0
3281 2
3282 0
3283 0
3284 0
3285 0
3286 0
3287 0
3288 1
3289 1
3290 0
3291 0
3292 0
3293 0
3294 1
3295 1
3296 2
3297 1
3298 0
3299 0
3300 0
3301 1
3302 2
3303 0
3304 0
3305 0
3306 0
3307 2
3308 0
3309 3
3310 0
3311 0
3312 0
3313 0
3314 1
3315 3
3316 1
3317 1
3318 0
3319 1
3320 1
3321 0
3322 3
3323 2
3324 0
3325 1
3326 0
3327 0
3328 0
3329 1
3330 0
3331 0
3332 2
3333 1
3334 1
3335 1
3336 1
3337 0
3338 0
3339 1
3340 2
3341 2
3342 0
3343 0
3344 0
3345 0
3346 1
3347 0
3348 0
3349 0
3350 0
3351 0
3352 0
3353 2
3354 1
3355 3
3356 0
3357 0
3358 3
3359 1
3360 2
3361 0
3362 1
3363 0
3364 1
3365 1
3366 0
3367 0
3368 0
3369 1
3370 1
3371 0
3372 1
3373 0
3374 0
3375 1
3376 0
3377 3
3378 0
3379 0
3380 0
3381 3
3382 0
3383 2
3384 0
3385 0
3386 2
3387 0
3388 0
3389 0
3390 0
3391 0
3392 1
3393 3
3394 0
3395 0
3396 2
3397 1
3398 0
3399 0
3400 0
3401 2
3402 1
3403 0
3404 2
3405 1
3406 0
3407 0
3408 2
3409 0
3410 0
3411 0
3412 2
3413 3
3414 1
3415 0
3416 1
3417 0
3418 0
3419 0
3420 0
3421 0
3422 0
3423 0
3424 0
3425 0
3426 0
3427 1
3428 0
3429 0
3430 1
3431 0
3432 1
3433 0
3434 0
3435 0
3436 0
3437 0
3438 0
3439 0
3440 1
3441 1
3442 0
3443 3
3444 2
3445 0
3446 1
3447 0
3448 0
3449 1
3450 0
3451 1
3452 1
3453 2
3454 0
3455 0
3456 1
3457 0
3458 0
3459 2
3460 0
3461 0
3462 0
3463 1
3464 0
3465 0
3466 2
3467 0
3468 0
3469 0
3470 0
3471 0
3472 3
3473 0
3474 0
3475 0
3476 0
3477 0
3478 0
3479 1
3480 2
3481 0
3482 1
3483 0
3484 2
3485 0
3486 0
3487 0
3488 0
3489 0
3490 0
3491 0
3492 0
3493 0
3494 0
3495 0
3496 1
3497 1
3498 0
3499 1
3500 0
3501 2
3502 0
3503 0
3504 2
3505 0
3506 0
3507 0
3508 0
3509 0
3510 2
3511 0
3512 0
3513 0
3514 1
3515 0
3516 1
3517 0
3518 0
3519 0
3520 0
3521 0
3522 0
3523 3
3524 0
3525 0
3526 0
3527 0
3528 0
3529 0
3530 2
3531 2
3532 0
3533 1
3534 1
3535 1
3536 0
3537 0
3538 0
3539 2
3540 3
3541 0
3542 0
3543 0
3544 1
3545 0
3546 1
3547 2
3548 2
3549 0
3550 3
3551 0
3552 0
3553 3
3554 1
3555 0
3556 0
3557 0
3558 0
3559 2
3560 0
3561 2
3562 0
3563 1
3564 0
3565 2
3566 0
3567 0
3568 1
3569 2
3570 1
3571 0
3572 0
3573 0
3574 0
3575 1
3576 0
3577 3
3578 2
3579 1
3580 0
3581 2
3582 0
3583 2
3584 0
3585 0
3586 1
3587 0
3588 0
3589 0
3590 2
3591 0
3592 1
3593 0
3594 0
3595 1
3596 0
3597 0
3598 2
3599 0
3600 1
3601 1
3602 1
3603 0
3604 0
3605 0
3606 1
3607 0
3608 0
3609 3
3610 0
3611 0
3612 1
3613 1
3614 0
3615 3
3616 1
3617 0
3618 0
3619 0
3620 1
3621 1
3622 0
3623 0
3624 0
3625 0
3626 0
3627 0
3628 1
3629 0
3630 0
3631 0
3632 0
3633 0
3634 2
3635 0
3636 1
3637 0
3638 0
3639 1
3640 0
3641 0
3642 0
3643 0
3644 1
3645 0
3646 0
3647 0
3648 0
3649 0
3650 1
3651 0
3652 0
3653 0
3654 3
3655 0
3656 0
3657 0
3658 1
3659 0
3660 2
3661 0
3662 0
3663 2
3664 3
3665 1
3666 0
3667 2
3668 0
3669 2
3670 2
3671 1
3672 0
3673 0
3674 0
3675 0
3676 0
3677 0
3678 1
3679 2
3680 0
3681 0
3682 2
3683 0
3684 0
3685 0
3686 0
3687 2
3688 0
3689 0
3690 2
3691 2
3692 0
3693 0
3694 1
3695 0
3696 0
3697 0
3698 1
3699 2
3700 2
3701 0
3702 0
3703 2
3704 0
3705 2
3706 0
3707 0
3708 2
3709 2
3710 1
3711 0
3712 1
3713 0
3714 1
3715 1
3716 2
3717 3
3718 3
3719 0
3720 1
3721 2
3722 0
3723 2
3724 2
3725 3
3726 0
3727 1
3728 0
3729 2
3730 0
3731 0
3732 1
3733 0
3734 0
3735 0
3736 0
3737 2
3738 0
3739 1
3740 0
3741 0
3742 1
3743 1
3744 0
3745 0
3746 0
3747 0
3748 0
3749 1
3750 0
3751 2
3752 1
3753 2
3754 0
3755 2
3756 0
3757 0
3758 0
3759 0
3760 0
3761 2
3762 3
3763 0
3764 0
3765 0
3766 1
3767 0
3768 0
3769 0
3770 0
3771 1
3772 3
3773 2
3774 0
3775 0
3776 0
3777 0
3778 0
3779 0
3780 0
3781 0
3782 0
3783 1
3784 1
3785 0
3786 0
3787 3
3788 0
3789 1
3790 1
3791 0
3792 1
3793 1
3794 2
3795 0
3796 1
3797 0
3798 3
3799 1
3800 1
3801 0
3802 0
3803 0
3804 0
3805 0
3806 1
3807 2
3808 0
3809 0
3810 0
3811 0
3812 0
3813 0
3814 0
3815 0
3816 0
3817 0
3818 1
3819 0
3820 0
3821 0
3822 0
3823 0
3824 1
3825 1
3826 0
3827 0
3828 2
3829 0
3830 0
3831 0
3832 0
3833 1
3834 2
3835 3
3836 0
3837 0
3838 0
3839 3
3840 1
3841 0
3842 0
3843 0
3844 0
3845 0
3846 0
3847 2
3848 0
3849 1
3850 0
3851 1
3852 0
3853 0
3854 3
3855 0
3856 0
3857 0
3858 1
3859 0
3860 2
3861 0
3862 0
3863 0
3864 0
3865 0
3866 0
3867 2
3868 3
3869 0
3870 0
3871 0
3872 0
3873 0
3874 0
3875 1
3876 0
3877 0
3878 0
3879 2
3880 2
3881 3
3882 0
3883 2
3884 0
3885 1
3886 0
3887 0
3888 0
3889 3
3890 0
3891 0
3892 0
3893 0
3894 2
3895 0
3896 2
3897 1
3898 1
3899 0
3900 0
3901 2
3902 2
3903 0
3904 0
3905 0
3906 0
3907 1
3908 1
3909 0
3910 0
3911 0
3912 1
3913 3
3914 3
3915 3
3916 0
3917 3
3918 1
3919 0
3920 0
3921 2
3922 2
3923 0
3924 0
3925 1
3926 3
3927 0
3928 0
3929 1
3930 0
3931 1
3932 0
3933 0
3934 1
3935 2
3936 0
3937 1
3938 0
3939 0
3940 0
3941 0
3942 0
3943 0
3944 1
3945 0
3946 0
3947 0
3948 0
3949 0
3950 0
3951 0
3952 0
3953 1
3954 0
3955 0
3956 1
3957 0
3958 3
3959 0
3960 1
3961 1
3962 2
3963 2
3964 0
3965 2
3966 1
3967 0
3968 1
3969 2
3970 0
3971 0
3972 0
3973 0
3974 1
3975 1
3976 0
3977 0
3978 1
3979 0
3980 0
3981 1
3982 0
3983 0
3984 0
3985 0
3986 0
3987 1
3988 0
3989 0
3990 0
3991 1
3992 0
3993 2
3994 0
3995 0
3996 0
3997 1
3998 2
3999 0
4000 0
4001 0
4002 0
4003 0
4004 0
4005 0
4006 0
4007 0
4008 0
4009 2
4010 2
4011 0
4012 0
4013 1
4014 0
4015 0
4016 1
4017 0
4018 0
4019 0
4020 2
4021 0
4022 0
4023 0
4024 0
4025 2
4026 0
4027 1
4028 0
4029 0
4030 0
4031 1
4032 1
4033 0
4034 0
4035 0
4036 0
4037 0
4038 0
4039 0
4040 0
4041 1
4042 1
4043 2
4044 2
4045 0
4046 0
4047 1
4048 2
4049 2
4050 1
4051 0
4052 1
4053 3
4054 2
4055 0
4056 0
4057 1
4058 1
4059 0
4060 0
4061 2
4062 1
4063 0
4064 0
4065 0
4066 0
4067 3
4068 0
4069 0
4070 0
4071 2
4072 0
4073 0
4074 0
4075 2
4076 0
4077 2
4078 0
4079 1
4080 0
4081 0
4082 0
4083 2
4084 0
4085 0
4086 2
4087 1
4088 0
4089 0
4090 0
4091 2
4092 0
4093 0
4094 2
4095 3
4096 2
4097 0
4098 2
4099 0
4100 0
4101 0
4102 3
4103 3
4104 0
4105 1
4106 0
4107 0
4108 0
4109 1
4110 1
4111 0
4112 3
4113 1
4114 0
4115 0
4116 0
4117 1
4118 0
4119 1
4120 0
4121 1
4122 1
4123 2
4124 2
4125 0
4126 2
4127 0
4128 0
4129 0
4130 1
4131 0
4132 1
4133 0
4134 0
4135 0
4136 1
4137 1
4138 0
4139 0
4140 0
4141 1
4142 2
4143 2
4144 0
4145 0
4146 0
4147 0
4148 0
4149 3
4150 0
4151 0
4152 2
4153 0
4154 0
4155 0
4156 1
4157 0
4158 0
4159 0
4160 0
4161 0
4162 0
4163 0
4164 3
4165 1
4166 0
4167 2
4168 1
4169 1
4170 1
4171 2
4172 0
4173 0
4174 1
4175 0
4176 0
4177 1
4178 0
4179 0
4180 1
4181 0
4182 2
4183 1
4184 0
4185 0
4186 0
4187 0
4188 1
4189 2
4190 1
4191 0
4192 0
4193 0
4194 0
4195 0
4196 0
4197 0
4198 2
4199 1
4200 0
4201 2
4202 2
4203 2
4204 2
4205 0
4206 0
4207 0
4208 0
4209 1
4210 0
4211 0
4212 0
4213 0
4214 0
4215 0
4216 1
4217 0
4218 0
4219 1
4220 0
4221 0
4222 0
4223 1
4224 0
4225 0
4226 0
4227 0
4228 2
4229 2
4230 1
4231 0
4232 0
4233 1
4234 1
4235 3
4236 0
4237 0
4238 1
4239 0
4240 0
4241 0
4242 0
4243 1
4244 0
4245 1
4246 0
4247 1
4248 0
4249 2
4250 0
4251 1
4252 1
4253 0
4254 0
4255 0
4256 0
4257 2
4258 2
4259 1
4260 0
4261 2
4262 0
4263 0
4264 0
4265 0
4266 0
4267 1
4268 0
4269 0
4270 0
4271 0
4272 0
4273 0
4274 0
4275 0
4276 0
4277 0
4278 0
4279 0
4280 0
4281 3
4282 2
4283 0
4284 0
4285 0
4286 0
4287 0
4288 0
4289 0
4290 1
4291 1
4292 0
4293 0
4294 0
4295 0
4296 0
4297 3
4298 0
4299 2
4300 0
4301 2
4302 2
4303 1
4304 2
4305 2
4306 1
4307 1
4308 0
4309 1
4310 3
4311 0
4312 1
4313 0
4314 2
4315 0
4316 2
4317 0
4318 0
4319 2
4320 0
4321 0
4322 0
4323 2
4324 2
4325 0
4326 1
4327 0
4328 1
4329 2
4330 1
4331 0
4332 0
4333 1
4334 0
4335 0
4336 0
4337 0
4338 0
4339 0
4340 0
4341 0
4342 3
4343 1
4344 0
4345 1
4346 0
4347 1
4348 2
4349 1
4350 0
4351 0
4352 0
4353 1
4354 0
4355 0
4356 0
4357 0
4358 0
4359 1
4360 0
4361 0
4362 1
4363 0
4364 1
4365 0
4366 2
4367 0
4368 0
4369 1
4370 0
4371 0
4372 3
4373 2
4374 2
4375 0
4376 0
4377 0
4378 0
4379 0
4380 0
4381 0
4382 0
4383 3
4384 0
4385 0
4386 0
4387 0
4388 1
4389 1
4390 0
4391 2
4392 0
4393 1
4394 0
4395 0
4396 0
4397 0
4398 0
4399 0
4400 1
4401 0
4402 3
4403 0
4404 0
4405 0
4406 0
4407 0
4408 0
4409 1
4410 0
4411 0
4412 0
4413 0
4414 0
4415 1
4416 1
4417 1
4418 0
4419 0
4420 0
4421 0
4422 2
4423 1
4424 0
4425 1
4426 0
4427 0
4428 1
4429 0
4430 3
4431 2
4432 2
4433 2
4434 1
4435 0
4436 0
4437 1
4438 0
4439 0
4440 0
4441 1
4442 3
4443 0
4444 0
4445 0
4446 2
4447 0
4448 2
4449 0
4450 0
4451 0
4452 1
4453 1
4454 1
4455 0
4456 0
4457 1
4458 1
4459 0
4460 0
4461 0
4462 2
4463 0
4464 3
4465 0
4466 0
4467 1
4468 0
4469 0
4470 3
4471 1
4472 2
4473 0
4474 0
4475 1
4476 0
4477 0
4478 0
4479 0
4480 3
4481 2
4482 1
4483 0
4484 1
4485 1
4486 0
4487 1
4488 0
4489 1
4490 0
4491 1
4492 0
4493 1
4494 0
4495 0
4496 2
4497 0
4498 0
4499 0
4500 0
4501 1
4502 1
4503 0
4504 1
4505 0
4506 0
4507 0
4508 0
4509 0
4510 0
4511 0
4512 0
4513 1
4514 1
4515 0
4516 1
4517 0
4518 0
4519 0
4520 0
4521 2
4522 0
4523 0
4524 0
4525 0
4526 1
4527 0
4528 0
4529 0
4530 0
4531 1
4532 0
4533 1
4534 0
4535 0
4536 0
4537 2
4538 1
4539 1
4540 0
4541 0
4542 1
4543 0
4544 2
4545 1
4546 0
4547 0
4548 0
4549 0
4550 0
4551 1
4552 1
4553 0
4554 0
4555 2
4556 1
4557 0
4558 0
4559 0
4560 0
4561 0
4562 3
4563 0
4564 0
4565 2
4566 1
4567 0
4568 1
4569 2
4570 1
4571 0
4572 2
4573 0
4574 0
4575 1
4576 0
4577 1
4578 3
4579 0
4580 0
4581 0
4582 0
4583 1
4584 2
4585 0
4586 0
4587 2
4588 2
4589 0
4590 1
4591 1
4592 1
4593 0
4594 1
4595 0
4596 1
4597 0
4598 0
4599 1
4600 1
4601 3
4602 0
4603 0
4604 2
4605 0
4606 0
4607 0
4608 2
4609 0
4610 0
4611 0
4612 0
4613 0
4614 0
4615 0
4616 0
4617 0
4618 1
4619 0
4620 1
4621 1
4622 0
4623 0
4624 2
4625 3
4626 0
4627 2
4628 3
4629 0
4630 0
4631 1
4632 0
4633 0
4634 0
4635 0
4636 2
4637 1
4638 1
4639 1
4640 1
4641 0
4642 0
4643 2
4644 0
4645 2
4646 3
4647 2
4648 0
4649 1
4650 0
4651 0
4652 0
4653 0
4654 0
4655 0
4656 0
4657 0
4658 0
4659 0
4660 1
4661 0
4662 2
4663 2
4664 3
4665 0
4666 0
4667 1
4668 0
4669 0
4670 0
4671 0
4672 0
4673 0
4674 0
4675 1
4676 2
4677 0
4678 1
4679 0
4680 2
4681 2
4682 0
4683 0
4684 0
4685 0
4686 0
4687 0
4688 0
4689 0
4690 0
4691 1
4692 1
4693 2
4694 2
4695 0
4696 2
4697 0
4698 0
4699 2
4700 1
4701 1
4702 1
4703 0
4704 0
4705 0
4706 0
4707 0
4708 0
4709 0
4710 0
4711 0
4712 2
4713 2
4714 0
4715 0
4716 0
4717 0
4718 0
4719 0
4720 0
4721 0
4722 2
4723 0
4724 0
4725 0
4726 0
4727 2
4728 2
4729 0
4730 0
4731 0
4732 0
4733 0
4734 2
4735 0
4736 0
4737 2
4738 2
4739 0
4740 0
4741 0
4742 0
4743 0
4744 0
4745 1
4746 0
4747 0
4748 0
4749 1
4750 0
4751 1
4752 0
4753 2
4754 1
4755 0
4756 2
4757 2
4758 1
4759 0
4760 3
4761 1
4762 0
4763 1
4764 2
4765 0
4766 0
4767 0
4768 0
4769 2
4770 0
4771 0
4772 0
4773 1
4774 0
4775 1
4776 0
4777 0
4778 3
4779 3
4780 0
4781 0
4782 0
4783 0
4784 2
4785 0
4786 0
4787 2
4788 0
4789 0
4790 0
4791 0
4792 1
4793 1
4794 0
4795 1
4796 0
4797 0
4798 1
4799 0
4800 0
4801 0
4802 2
4803 1
4804 2
4805 0
4806 0
4807 0
4808 1
4809 2
4810 1
4811 0
4812 0
4813 0
4814 0
4815 1
4816 0
4817 0
4818 0
4819 0
4820 0
4821 1
4822 1
4823 0
4824 0
4825 1
4826 0
4827 0
4828 2
4829 0
4830 0
4831 1
4832 0
4833 1
4834 0
4835 0
4836 2
4837 1
4838 0
4839 0
4840 1
4841 1
4842 0
4843 0
4844 3
4845 1
4846 2
4847 0
4848 1
4849 0
4850 1
4851 0
4852 0
4853 1
4854 0
4855 1
4856 0
4857 0
4858 1
4859 1
4860 1
4861 0
4862 0
4863 0
4864 0
4865 2
4866 0
4867 0
4868 0
4869 1
4870 1
4871 0
4872 0
4873 0
4874 3
4875 0
4876 0
4877 1
4878 0
4879 0
4880 0
4881 1
4882 0
4883 0
4884 0
4885 1
4886 1
4887 0
4888 0
4889 0
4890 0
4891 0
4892 0
4893 1
4894 1
4895 1
4896 2
4897 0
4898 0
4899 1
4900 0
4901 0
4902 1
4903 1
4904 1
4905 1
4906 2
4907 0
4908 0
4909 0
4910 2
4911 0
4912 0
4913 0
4914 0
4915 3
4916 0
4917 0
4918 0
4919 2
4920 0
4921 2
4922 1
4923 2
4924 0
4925 0
4926 0
4927 1
4928 1
4929 0
4930 1
4931 1
4932 1
4933 0
4934 0
4935 1
4936 2
4937 1
4938 0
4939 2
4940 0
4941 0
4942 0
4943 0
4944 0
4945 1
4946 0
4947 0
4948 2
4949 0
4950 3
4951 0
4952 0
4953 0
4954 0
4955 1
4956 1
4957 0
4958 1
4959 0
4960 0
4961 0
4962 0
4963 0
4964 0
4965 0
4966 1
4967 0
4968 3
4969 0
4970 0
4971 0
4972 0
4973 1
4974 0
4975 0
4976 0
4977 0
4978 0
4979 0
4980 0
4981 0
4982 2
4983 0
4984 1
4985 0
4986 1
4987 2
4988 0
4989 0
4990 0
4991 1
4992 1
4993 0
4994 1
4995 1
4996 0
4997 0
4998 1
4999 0
5000 0
5001 0
5002 1
5003 0
5004 1
5005 0
5006 0
5007 2
5008 0
5009 1
5010 0
5011 0
5012 0
5013 0
5014 3
5015 0
5016 1
5017 0
5018 1
5019 0
5020 0
5021 0
5022 0
5023 0
5024 0
5025 0
5026 0
5027 0
5028 0
5029 1
5030 0
5031 1
5032 0
5033 1
5034 0
5035 0
5036 0
5037 0
5038 3
5039 0
5040 1
5041 0
5042 2
5043 1
5044 1
5045 0
5046 0
5047 0
5048 2
5049 0
5050 0
5051 1
5052 0
5053 0
5054 3
5055 0
5056 3
5057 0
5058 0
5059 1
5060 0
5061 0
5062 1
5063 1
5064 1
5065 0
5066 2
5067 2
5068 0
5069 0
5070 0
5071 2
5072 1
5073 0
5074 0
5075 0
5076 2
5077 1
5078 0
5079 0
5080 0
5081 0
5082 0
5083 0
5084 1
5085 0
5086 1
5087 0
5088 0
5089 0
5090 2
5091 1
5092 0
5093 0
5094 0
5095 1
5096 0
5097 1
5098 2
5099 1
5100 0
5101 2
5102 0
5103 0
5104 2
5105 2
5106 0
5107 0
5108 1
5109 0
5110 0
5111 1
5112 1
5113 1
5114 0
5115 0
5116 0
5117 2
5118 0
5119 0
5120 1
5121 0
5122 0
5123 0
5124 0
5125 1
5126 0
5127 1
5128 2
5129 1
5130 1
5131 0
5132 1
5133 0
5134 0
5135 0
5136 0
5137 2
5138 0
5139 2
5140 2
5141 2
5142 1
5143 2
5144 1
5145 1
5146 0
5147 0
5148 1
5149 0
5150 3
5151 0
5152 0
5153 0
5154 0
5155 0
5156 0
5157 0
5158 0
5159 3
5160 0
5161 1
5162 1
5163 0
5164 0
5165 0
5166 1
5167 0
5168 1
5169 1
5170 2
5171 1
5172 2
5173 3
5174 2
5175 0
5176 1
5177 0
5178 2
5179 2
5180 1
5181 1
5182 0
5183 1
5184 1
5185 0
5186 1
5187 1
5188 2
5189 2
5190 1
5191 0
5192 1
5193 0
5194 0
5195 1
5196 1
5197 0
5198 0
5199 0
5200 1
5201 0
5202 1
5203 0
5204 0
5205 0
5206 0
5207 0
5208 0
5209 1
5210 0
5211 2
5212 0
5213 1
5214 2
5215 3
5216 0
5217 2
5218 1
5219 1
5220 0
5221 0
5222 2
5223 1
5224 0
5225 0
5226 1
5227 0
5228 0
5229 0
5230 1
5231 0
5232 2
5233 0
5234 0
5235 0
5236 0
5237 0
5238 2
5239 0
5240 2
5241 2
5242 2
5243 0
5244 2
5245 0
5246 0
5247 0
5248 0
5249 2
5250 2
5251 0
5252 1
5253 1
5254 0
5255 0
5256 1
5257 1
5258 0
5259 0
5260 0
5261 1
5262 0
5263 1
5264 0
5265 1
5266 2
5267 0
5268 0
5269 3
5270 0
5271 2
5272 0
5273 0
5274 1
5275 2
5276 1
5277 2
5278 1
5279 0
5280 0
5281 3
5282 0
5283 0
5284 1
5285 0
5286 0
5287 0
5288 1
5289 0
5290 0
5291 1
5292 0
5293 0
5294 0
5295 0
5296 1
5297 0
5298 1
5299 1
5300 0
5301 3
5302 0
5303 2
5304 0
5305 1
5306 1
5307 1
5308 0
5309 0
5310 1
5311 0
5312 0
5313 0
5314 0
5315 0
5316 0
5317 2
5318 2
5319 0
5320 2
5321 0
5322 0
5323 0
5324 0
5325 0
5326 0
5327 0
5328 0
5329 2
5330 1
5331 3
5332 3
5333 0
5334 1
5335 0
5336 0
5337 0
5338 3
5339 0
5340 0
5341 0
5342 0
5343 3
5344 0
5345 3
5346 2
5347 2
5348 1
5349 3
5350 0
5351 1
5352 0
5353 3
5354 0
5355 0
5356 0
5357 3
5358 0
5359 0
5360 0
5361 1
5362 0
5363 0
5364 0
5365 0
5366 0
5367 0
5368 2
5369 1
5370 0
5371 0
5372 0
5373 2
5374 0
5375 1
5376 0
5377 2
5378 0
5379 0
5380 0
5381 3
5382 0
5383 0
5384 2
5385 0
5386 3
5387 0
5388 0
5389 0
5390 0
5391 0
5392 0
5393 0
5394 0
5395 2
5396 1
5397 0
5398 1
5399 0
5400 0
5401 3
5402 0
5403 0
5404 0
5405 0
5406 1
5407 0
5408 2
5409 0
5410 0
5411 3
5412 3
5413 0
5414 0
5415 2
5416 0
5417 0
5418 1
5419 0
5420 2
5421 2
5422 1
5423 0
5424 3
5425 3
5426 0
5427 0
5428 0
5429 0
5430 0
5431 0
5432 2
5433 1
5434 0
5435 0
5436 0
5437 0
5438 0
5439 0
5440 2
5441 0
5442 0
5443 0
5444 0
5445 2
5446 0
5447 1
5448 3
5449 0
5450 1
5451 0
5452 1
5453 0
5454 0
5455 1
5456 0
5457 0
5458 1
5459 1
5460 0
5461 0
5462 0
5463 0
5464 1
5465 2
5466 0
5467 0
5468 1
5469 1
5470 0
5471 0
5472 0
5473 0
5474 1
5475 1
5476 0
5477 0
5478 0
5479 0
5480 2
5481 2
5482 0
5483 1
5484 0
5485 0
5486 1
5487 0
5488 0
5489 0
5490 0
5491 1
5492 1
5493 0
5494 2
5495 3
5496 0
5497 0
5498 0
5499 0
5500 0
5501 0
5502 0
5503 2
5504 1
5505 0
5506 0
5507 1
5508 1
5509 1
5510 0
5511 0
5512 0
5513 0
5514 0
5515 1
5516 0
5517 0
5518 0
5519 0
5520 0
5521 1
5522 0
5523 0
5524 0
5525 0
5526 0
5527 0
5528 0
5529 0
5530 1
5531 0
5532 2
5533 0
5534 1
5535 3
5536 1
5537 0
5538 0
5539 0
5540 0
5541 0
5542 0
5543 2
5544 0
5545 1
5546 1
5547 1
5548 2
5549 2
5550 0
5551 0
5552 3
5553 0
5554 1
5555 0
5556 2
5557 0
5558 0
5559 1
5560 0
5561 1
5562 2
5563 2
5564 0
5565 1
5566 2
5567 0
5568 0
5569 2
5570 0
5571 1
5572 1
5573 0
5574 0
5575 1
5576 0
5577 0
5578 0
5579 0
5580 0
5581 0
5582 0
5583 1
5584 1
5585 0
5586 0
5587 0
5588 0
5589 0
5590 1
5591 0
5592 1
5593 0
5594 2
5595 0
5596 0
5597 2
5598 1
5599 0
5600 0
5601 0
5602 0
5603 2
5604 2
5605 0
5606 0
5607 0
5608 0
5609 0
5610 0
5611 3
5612 0
5613 0
5614 1
5615 0
5616 1
5617 2
5618 0
5619 2
5620 0
5621 0
5622 1
5623 0
5624 0
5625 0
5626 0
5627 0
5628 0
5629 0
5630 0
5631 0
5632 1
5633 1
5634 1
5635 0
5636 1
5637 0
5638 0
5639 1
5640 0
5641 0
5642 0
5643 0
5644 0
5645 0
5646 0
5647 3
5648 0
5649 0
5650 0
5651 1
5652 0
5653 0
5654 0
5655 3
5656 0
5657 1
5658 1
5659 3
5660 0
5661 0
5662 1
5663 1
5664 0
5665 1
5666 1
5667 0
5668 1
5669 2
5670 0
5671 0
5672 0
5673 0
5674 0
5675 1
5676 2
5677 0
5678 0
5679 0
5680 2
5681 0
5682 0
5683 2
5684 0
5685 1
5686 3
5687 0
5688 0
5689 2
5690 3
5691 1
5692 0
5693 3
5694 1
5695 0
5696 2
5697 0
5698 1
5699 0
5700 0
5701 0
5702 0
5703 2
5704 0
5705 0
5706 0
5707 0
5708 1
5709 0
5710 0
5711 2
5712 0
5713 1
5714 0
5715 0
5716 0
5717 1
5718 0
5719 1
5720 0
5721 1
5722 3
5723 0
5724 3
5725 0
5726 1
5727 1
5728 0
5729 0
5730 0
5731 0
5732 0
5733 0
5734 0
5735 2
5736 1
5737 2
5738 1
5739 0
5740 1
5741 2
5742 0
5743 2
5744 1
5745 0
5746 0
5747 1
5748 0
5749 2
5750 0
5751 0
5752 2
5753 0
5754 1
5755 1
5756 0
5757 0
5758 1
5759 2
5760 0
5761 0
5762 0
5763 3
5764 0
5765 0
5766 0
5767 0
5768 2
5769 0
5770 3
5771 1
5772 0
5773 1
5774 1
5775 1
5776 0
5777 0
5778 0
5779 1
5780 1
5781 1
5782 2
5783 2
5784 1
5785 0
5786 1
5787 0
5788 1
5789 1
5790 2
5791 0
5792 2
5793 0
5794 0
5795 0
5796 0
5797 0
5798 1
5799 1
5800 0
5801 0
5802 1
5803 2
5804 1
5805 0
5806 3
5807 0
5808 0
5809 2
5810 1
5811 2
5812 3
5813 0
5814 1
5815 0
5816 0
5817 0
5818 1
5819 0
5820 0
5821 1
5822 0
5823 0
5824 0
5825 0
5826 0
5827 2
5828 0
5829 0
5830 0
5831 0
5832 0
5833 1
5834 1
5835 0
5836 0
5837 0
5838 1
5839 0
5840 0
5841 1
5842 0
5843 0
5844 1
5845 2
5846 2
5847 3
5848 0
5849 1
5850 0
5851 0
5852 0
5853 0
5854 0
5855 0
5856 0
5857 2
5858 0
5859 1
5860 1
5861 0
5862 0
5863 0
5864 0
5865 0
5866 0
5867 3
5868 0
5869 2
5870 0
5871 1
5872 0
5873 1
5874 0
5875 3
5876 0
5877 1
5878 2
5879 3
5880 0
5881 0
5882 2
5883 1
5884 0
5885 1
5886 0
5887 2
5888 0
5889 0
5890 2
5891 1
5892 0
5893 0
5894 2
5895 0
5896 1
5897 0
5898 0
5899 1
5900 0
5901 0
5902 0
5903 0
5904 1
5905 0
5906 0
5907 0
5908 0
5909 0
5910 0
5911 2
5912 0
5913 0
5914 2
5915 0
5916 1
5917 2
5918 1
5919 2
5920 3
5921 1
5922 0
5923 0
5924 0
5925 0
5926 0
5927 0
5928 1
5929 0
5930 0
5931 0
5932 1
5933 1
5934 1
5935 0
5936 0
5937 2
5938 0
5939 2
5940 0
5941 0
5942 1
5943 1
5944 0
5945 0
5946 0
5947 2
5948 0
5949 0
5950 0
5951 2
5952 0
5953 0
5954 0
5955 0
5956 0
5957 0
5958 2
5959 0
5960 0
5961 1
5962 0
5963 0
5964 1
5965 0
5966 0
5967 1
5968 0
5969 0
5970 1
5971 0
5972 0
5973 1
5974 2
5975 1
5976 2
5977 1
5978 0
5979 0
5980 0
5981 0
5982 0
5983 0
5984 0
5985 1
5986 0
5987 1
5988 0
5989 1
5990 0
5991 1
5992 0
5993 0
5994 1
5995 3
5996 1
5997 3
5998 0
5999 0
6000 0
6001 0
6002 1
6003 1
6004 0
6005 0
6006 1
6007 2
6008 0
6009 0
6010 0
6011 0
6012 0
6013 1
6014 0
6015 0
6016 0
6017 1
6018 1
6019 3
6020 0
6021 0
6022 0
6023 1
6024 0
6025 0
6026 3
6027 0
6028 2
6029 2
6030 0
6031 0
6032 0
6033 0
6034 0
6035 2
6036 1
6037 1
6038 0
6039 0
6040 1
6041 0
6042 0
6043 1
6044 1
6045 2
6046 0
6047 0
6048 0
6049 0
6050 0
6051 0
6052 0
6053 1
6054 3
6055 0
6056 2
6057 0
6058 0
6059 0
6060 0
6061 0
6062 2
6063 0
6064 2
6065 2
6066 0
6067 1
6068 0
6069 3
6070 0
6071 1
6072 1
6073 0
6074 0
6075 1
6076 0
6077 2
6078 0
6079 0
6080 1
6081 0
6082 1
6083 2
6084 0
6085 1
6086 1
6087 0
6088 0
6089 0
6090 1
6091 0
6092 3
6093 0
6094 0
6095 0
6096 1
6097 3
6098 0
6099 1
6100 0
6101 0
6102 0
6103 1
6104 0
6105 2
6106 2
6107 2
6108 0
6109 0
6110 0
6111 0
6112 0
6113 0
6114 0
6115 0
6116 0
6117 2
6118 0
6119 0
6120 2
6121 0
6122 0
6123 0
6124 1
6125 0
6126 0
6127 1
6128 0
6129 0
6130 3
6131 0
6132 0
6133 1
6134 0
6135 0
6136 3
6137 0
6138 0
6139 2
6140 0
6141 0
6142 0
6143 2
6144 1
6145 1
6146 0
6147 2
6148 0
6149 0
6150 0
6151 0
6152 0
6153 2
6154 3
6155 0
6156 0
6157 1
6158 0
6159 0
6160 0
6161 0
6162 3
6163 0
6164 0
6165 2
6166 0
6167 0
6168 0
6169 0
6170 0
6171 0
6172 1
6173 2
6174 2
6175 1
6176 0
6177 1
6178 2
6179 0
6180 0
6181 0
6182 0
6183 0
6184 0
6185 0
6186 3
6187 0
6188 1
6189 1
6190 1
6191 0
6192 0
6193 0
6194 0
6195 2
6196 2
6197 0
6198 0
6199 1
6200 0
6201 2
6202 1
6203 0
6204 2
6205 0
6206 1
6207 1
6208 0
6209 0
6210 0
6211 0
6212 2
6213 0
6214 0
6215 3
6216 1
6217 0
6218 0
6219 0
6220 0
6221 0
6222 0
6223 2
6224 0
6225 3
6226 0
6227 0
6228 0
6229 0
6230 0
6231 0
6232 0
6233 1
6234 1
6235 0
6236 2
6237 0
6238 0
6239 0
6240 1
6241 0
6242 0
6243 0
6244 0
6245 0
6246 0
6247 0
6248 1
6249 2
6250 0
6251 0
6252 1
6253 2
6254 0
6255 1
6256 1
6257 2
6258 1
6259 0
6260 0
6261 0
6262 0
6263 0
6264 0
6265 0
6266 0
6267 0
6268 0
6269 0
6270 1
6271 1
6272 1
6273 2
6274 0
6275 2
6276 1
6277 0
6278 1
6279 0
6280 0
6281 3
6282 0
6283 2
6284 1
6285 3
6286 0
6287 0
6288 1
6289 0
6290 0
6291 0
6292 0
6293 0
6294 0
6295 0
6296 0
6297 0
6298 0
6299 1
6300 0
6301 0
6302 2
6303 1
6304 0
6305 0
6306 0
6307 0
6308 2
6309 1
6310 0
6311 2
6312 0
6313 0
6314 0
6315 1
6316 3
6317 2
6318 1
6319 1
6320 0
6321 0
6322 3
6323 2
6324 0
6325 0
6326 1
6327 2
6328 1
6329 3
6330 0
6331 1
6332 3
6333 0
6334 0
6335 0
6336 0
6337 0
6338 1
6339 1
6340 0
6341 2
6342 0
6343 0
6344 1
6345 0
6346 1
6347 0
6348 0
6349 0
6350 0
6351 0
6352 0
6353 0
6354 1
6355 0
6356 3
6357 1
6358 0
6359 0
6360 1
6361 1
6362 2
6363 0
6364 0
6365 0
6366 0
6367 2
6368 0
6369 0
6370 0
6371 2
6372 0
6373 0
6374 0
6375 0
6376 0
6377 1
6378 0
6379 1
6380 0
6381 0
6382 0
6383 1
6384 0
6385 0
6386 0
6387 1
6388 0
6389 0
6390 1
6391 0
6392 0
6393 1
6394 1
6395 1
6396 1
6397 1
6398 1
6399 0
6400 2
6401 1
6402 0
6403 3
6404 1
6405 0
6406 2
6407 2
6408 1
6409 1
6410 1
6411 0
6412 0
6413 0
6414 0
6415 1
6416 2
6417 0
6418 0
6419 0
6420 1
6421 2
6422 1
6423 0
6424 2
6425 0
6426 3
6427 0
6428 2
6429 0
6430 1
6431 0
6432 1
6433 0
6434 0
6435 1
6436 1
6437 0
6438 1
6439 0
6440 1
6441 2
6442 0
6443 1
6444 0
6445 1
6446 1
6447 1
6448 1
6449 0
6450 0
6451 1
6452 0
6453 1
6454 2
6455 1
6456 1
6457 1
6458 0
6459 2
6460 1
6461 1
6462 0
6463 1
6464 1
6465 0
6466 0
6467 0
6468 0
6469 1
6470 0
6471 1
6472 0
6473 1
6474 0
6475 2
6476 0
6477 0
6478 0
6479 0
6480 2
6481 1
6482 0
6483 2
6484 0
6485 0
6486 0
6487 0
6488 0
6489 0
6490 0
6491 0
6492 0
6493 2
6494 0
6495 0
6496 1
6497 0
6498 0
6499 0
6500 1
6501 0
6502 0
6503 1
6504 0
6505 0
6506 0
6507 1
6508 1
6509 1
6510 0
6511 0
6512 0
6513 0
6514 0
6515 0
6516 0
6517 1
6518 1
6519 0
6520 0
6521 0
6522 0
6523 0
6524 0
6525 1
6526 2
6527 0
6528 0
6529 0
6530 2
6531 0
6532 0
6533 0
6534 0
6535 0
6536 1
6537 1
6538 0
6539 2
6540 2
6541 0
6542 0
6543 0
6544 2
6545 0
6546 1
6547 0
6548 0
6549 2
6550 0
6551 1
6552 2
6553 2
6554 2
6555 2
6556 0
6557 2
6558 1
6559 0
6560 1
6561 0
6562 0
6563 0
6564 0
6565 0
6566 0
6567 0
6568 0
6569 0
6570 1
6571 0
6572 0
6573 0
6574 0
6575 0
6576 0
6577 0
6578 0
6579 0
6580 0
6581 1
6582 0
6583 1
6584 0
6585 2
6586 2
6587 1
6588 0
6589 0
6590 0
6591 0
6592 0
6593 0
6594 0
6595 2
6596 2
6597 0
6598 1
6599 0
6600 1
6601 0
6602 0
6603 0
6604 2
6605 0
6606 1
6607 0
6608 0
6609 0
6610 0
6611 2
6612 0
6613 0
6614 0
6615 2
6616 2
6617 0
6618 0
6619 0
6620 0
6621 3
6622 0
6623 0
6624 0
6625 0
6626 2
6627 0
6628 0
6629 0
6630 0
6631 0
6632 0
6633 0
6634 0
6635 0
6636 0
6637 0
6638 0
6639 2
6640 0
6641 2
6642 0
6643 2
6644 0
6645 2
6646 2
6647 0
6648 3
6649 1
6650 0
6651 2
6652 0
6653 0
6654 0
6655 2
6656 0
6657 1
6658 0
6659 2
6660 0
6661 1
6662 0
6663 0
6664 0
6665 3
6666 2
6667 0
6668 2
6669 2
6670 0
6671 0
6672 0
6673 3
6674 0
6675 0
6676 1
6677 2
6678 1
6679 0
6680 0
6681 0
6682 0
6683 0
6684 0
6685 0
6686 1
6687 2
6688 0
6689 1
6690 1
6691 2
6692 0
6693 0
6694 0
6695 1
6696 0
6697 0
6698 0
6699 3
6700 0
6701 2
6702 2
6703 0
6704 0
6705 0
6706 0
6707 3
6708 0
6709 0
6710 1
6711 0
6712 0
6713 0
6714 1
6715 1
6716 0
6717 1
6718 1
6719 2
6720 0
6721 1
6722 0
6723 2
6724 0
6725 1
6726 0
6727 0
6728 0
6729 2
6730 0
6731 1
6732 0
6733 2
6734 0
6735 1
6736 0
6737 0
6738 0
6739 0
6740 0
6741 0
6742 1
6743 1
6744 0
6745 2
6746 1
6747 2
6748 2
6749 2
6750 0
6751 0
6752 1
6753 0
6754 1
6755 0
6756 1
6757 0
6758 1
6759 0
6760 1
6761 2
6762 0
6763 1
6764 0
6765 0
6766 3
6767 1
6768 1
6769 0
6770 1
6771 0
6772 0
6773 1
6774 0
6775 2
6776 0
6777 0
6778 0
6779 0
6780 0
6781 0
6782 2
6783 2
6784 0
6785 0
6786 0
6787 1
6788 0
6789 0
6790 0
6791 0
6792 1
6793 1
6794 1
6795 2
6796 0
6797 0
6798 1
6799 0
6800 0
6801 0
6802 1
6803 0
6804 0
6805 3
6806 0
6807 2
6808 1
6809 0
6810 0
6811 1
6812 0
6813 0
6814 2
6815 0
6816 0
6817 0
6818 2
6819 0
6820 0
6821 1
6822 0
6823 2
6824 0
6825 0
6826 0
6827 0
6828 0
6829 0
6830 0
6831 0
6832 1
6833 0
6834 1
6835 0
6836 0
6837 0
6838 0
6839 0
6840 0
6841 1
6842 0
6843 1
6844 1
6845 0
6846 1
6847 1
6848 3
6849 0
6850 0
6851 0
6852 0
6853 2
6854 1
6855 0
6856 0
6857 0
6858 2
6859 0
6860 0
6861 0
6862 0
6863 2
6864 0
6865 2
6866 0
6867 0
6868 0
6869 0
6870 2
6871 0
6872 3
6873 0
6874 0
6875 0
6876 2
6877 0
6878 0
6879 0
6880 0
6881 0
6882 3
6883 0
6884 0
6885 0
6886 3
6887 1
6888 0
6889 0
6890 3
6891 2
6892 1
6893 0
6894 0
6895 2
6896 0
6897 2
6898 0
6899 0
6900 0
6901 0
6902 0
6903 0
6904 0
6905 1
6906 0
6907 0
6908 2
6909 0
6910 0
6911 0
6912 0
6913 2
6914 2
6915 1
6916 1
6917 0
6918 0
6919 0
6920 0
6921 0
6922 0
6923 2
6924 0
6925 0
6926 0
6927 0
6928 0
6929 1
6930 0
6931 0
6932 1
6933 3
6934 0
6935 0
6936 3
6937 0
6938 0
6939 0
6940 0
6941 0
6942 1
6943 0
6944 0
6945 0
6946 0
6947 2
6948 1
6949 0
6950 1
6951 1
6952 0
6953 0
6954 0
6955 0
6956 1
6957 0
6958 0
6959 0
6960 0
6961 2
6962 0
6963 0
6964 0
6965 2
6966 1
6967 2
6968 0
6969 0
6970 0
6971 2
6972 3
6973 2
6974 0
6975 0
6976 1
6977 0
6978 1
6979 1
6980 0
6981 0
6982 0
6983 0
6984 0
6985 1
6986 0
6987 2
6988 0
6989 3
6990 0
6991 1
6992 0
6993 0
6994 2
6995 0
6996 3
6997 0
6998 0
6999 0
7000 1
7001 0
7002 3
7003 1
7004 0
7005 1
7006 2
7007 0
7008 0
7009 0
7010 1
7011 0
7012 0
7013 0
7014 0
7015 1
7016 0
7017 0
7018 2
7019 2
7020 1
7021 1
7022 2
7023 2
7024 2
7025 1
7026 0
7027 1
7028 1
7029 0
7030 0
7031 0
7032 1
7033 0
7034 0
7035 0
7036 1
7037 2
7038 0
7039 1
7040 0
7041 0
7042 0
7043 0
7044 0
7045 0
7046 0
7047 0
7048 0
7049 1
7050 0
7051 0
7052 0
7053 0
7054 0
7055 1
7056 1
7057 0
7058 2
7059 0
7060 2
7061 0
7062 0
7063 2
7064 0
7065 1
7066 0
7067 0
7068 3
7069 0
7070 1
7071 1
7072 0
7073 0
7074 1
7075 1
7076 1
7077 0
7078 0
7079 0
7080 0
7081 0
7082 2
7083 0
7084 0
7085 0
7086 0
7087 0
7088 0
7089 0
7090 2
7091 1
7092 0
7093 1
7094 2
7095 2
7096 2
7097 0
7098 0
7099 1
7100 0
7101 3
7102 1
7103 0
7104 1
7105 0
7106 0
7107 1
7108 0
7109 0
7110 0
7111 2
7112 2
7113 1
7114 0
7115 0
7116 2
7117 2
7118 2
7119 0
7120 0
7121 0
7122 2
7123 3
7124 2
7125 0
7126 0
7127 2
7128 0
7129 2
7130 0
7131 0
7132 0
7133 3
7134 0
7135 0
7136 2
7137 1
7138 0
7139 1
7140 0
7141 1
7142 1
7143 3
7144 1
7145 1
7146 0
7147 0
7148 1
7149 0
7150 2
7151 1
7152 0
7153 0
7154 1
7155 2
7156 1
7157 1
7158 0
7159 1
7160 1
7161 0
7162 0
7163 0
7164 1
7165 2
7166 0
7167 1
7168 0
7169 0
7170 0
7171 0
7172 0
7173 1
7174 2
7175 0
7176 0
7177 0
7178 1
7179 0
7180 0
7181 0
7182 0
7183 0
7184 1
7185 0
7186 0
7187 2
7188 0
7189 0
7190 0
7191 2
7192 2
7193 0
7194 2
7195 0
7196 0
7197 2
7198 0
7199 0
7200 0
7201 1
7202 1
7203 0
7204 0
7205 1
7206 0
7207 2
7208 0
7209 0
7210 3
7211 0
7212 0
7213 1
7214 1
7215 1
7216 0
7217 0
7218 0
7219 0
7220 2
7221 0
7222 0
7223 1
7224 1
7225 0
7226 1
7227 0
7228 0
7229 0
7230 0
7231 0
7232 0
7233 0
7234 0
7235 0
7236 0
7237 0
7238 1
7239 1
7240 0
7241 0
7242 0
7243 0
7244 0
7245 1
7246 0
7247 3
7248 0
7249 0
7250 0
7251 3
7252 0
7253 2
7254 0
7255 0
7256 3
7257 0
7258 0
7259 1
7260 0
7261 2
7262 0
7263 0
7264 0
7265 0
7266 0
7267 0
7268 0
7269 0
7270 1
7271 0
7272 0
7273 1
7274 0
7275 0
7276 2
7277 1
7278 0
7279 0
7280 2
7281 1
7282 0
7283 2
7284 0
7285 0
7286 0
7287 0
7288 0
7289 0
7290 0
7291 3
7292 0
7293 0
7294 0
7295 1
7296 0
7297 1
7298 0
7299 1
7300 0
7301 2
7302 1
7303 1
7304 2
7305 1
7306 0
7307 0
7308 0
7309 1
7310 0
7311 0
7312 0
7313 1
7314 2
7315 3
7316 0
7317 1
7318 0
7319 2
7320 0
7321 1
7322 0
7323 0
7324 0
7325 0
7326 0
7327 1
7328 0
7329 2
7330 1
7331 0
7332 3
7333 0
7334 0
7335 1
7336 0
7337 0
7338 0
7339 3
7340 0
7341 0
7342 1
7343 0
7344 1
7345 0
7346 0
7347 0
7348 0
7349 0
7350 0
7351 0
7352 0
7353 2
7354 1
7355 0
7356 0
7357 1
7358 2
7359 1
7360 1
7361 0
7362 0
7363 0
7364 0
7365 0
7366 0
7367 0
7368 0
7369 0
7370 2
7371 1
7372 1
7373 0
7374 0
7375 0
7376 1
7377 0
7378 3
7379 1
7380 1
7381 2
7382 1
7383 1
7384 0
7385 2
7386 2
7387 0
7388 1
7389 0
7390 1
7391 0
7392 2
7393 1
7394 0
7395 0
7396 2
7397 1
7398 0
7399 2
7400 0
7401 0
7402 0
7403 0
7404 0
7405 0
7406 0
7407 0
7408 0
7409 1
7410 0
7411 0
7412 0
7413 0
7414 0
7415 1
7416 0
7417 0
7418 1
7419 0
7420 1
7421 1
7422 0
7423 2
7424 0
7425 0
7426 0
7427 0
7428 0
7429 0
7430 0
7431 0
7432 0
7433 1
7434 0
7435 0
7436 0
7437 1
7438 0
7439 0
7440 0
7441 2
7442 0
7443 1
7444 0
7445 0
7446 1
7447 2
7448 1
7449 1
7450 0
7451 0
7452 0
7453 0
7454 0
7455 0
7456 0
7457 0
7458 0
7459 0
7460 1
7461 3
7462 0
7463 0
7464 2
7465 0
7466 0
7467 0
7468 1
7469 0
7470 1
7471 0
7472 0
7473 0
7474 3
7475 0
7476 1
7477 0
7478 0
7479 0
7480 3
7481 0
7482 0
7483 0
7484 2
7485 0
7486 0
7487 1
7488 3
7489 0
7490 1
7491 1
7492 0
7493 0
7494 1
7495 0
7496 1
7497 0
7498 0
7499 0
7500 2
7501 0
7502 1
7503 1
7504 0
7505 0
7506 3
7507 0
7508 2
7509 2
7510 0
7511 1
7512 0
7513 0
7514 0
7515 1
7516 1
7517 0
7518 0
7519 0
7520 0
7521 1
7522 0
7523 0
7524 0
7525 0
7526 0
7527 0
7528 0
7529 0
7530 2
7531 0
7532 0
7533 0
7534 1
7535 0
7536 0
7537 3
7538 2
7539 0
7540 1
7541 1
7542 2
7543 0
7544 0
7545 1
7546 2
7547 0
7548 0
7549 0
7550 2
7551 1
7552 1
7553 0
7554 1
7555 1
7556 1
7557 2
7558 0
7559 0
7560 2
7561 3
7562 0
7563 0
7564 1
7565 1
7566 1
7567 3
7568 0
7569 2
7570 1
7571 0
7572 3
7573 0
7574 1
7575 0
7576 1
7577 2
7578 0
7579 0
7580 0
7581 0
7582 2
7583 2
7584 0
7585 0
7586 2
7587 1
7588 0
7589 0
7590 3
7591 2
7592 0
7593 0
7594 1
7595 1
7596 2
7597 0
7598 0
7599 0
7600 2
7601 1
7602 0
7603 0
7604 1
7605 0
7606 1
7607 2
7608 0
7609 3
7610 0
7611 0
7612 0
7613 1
7614 0
7615 0
7616 1
7617 0
7618 0
7619 0
7620 2
7621 0
7622 0
7623 0
7624 0
7625 0
7626 0
7627 1
7628 0
7629 0
7630 0
7631 0
7632 0
7633 1
7634 0
7635 1
7636 0
7637 0
7638 0
7639 0
7640 0
7641 0
7642 0
7643 0
7644 0
7645 0
7646 0
7647 0
7648 0
7649 0
7650 1
7651 0
7652 0
7653 1
7654 0
7655 0
7656 1
7657 2
7658 0
7659 0
7660 0
7661 0
7662 0
7663 1
7664 0
7665 0
7666 0
7667 1
7668 0
7669 0
7670 0
7671 0
7672 0
7673 2
7674 1
7675 0
7676 0
7677 0
7678 0
7679 0
7680 1
7681 0
7682 3
7683 0
7684 2
7685 2
7686 0
7687 3
7688 0
7689 1
7690 3
7691 2
7692 1
7693 0
7694 0
7695 0
7696 1
7697 1
7698 0
7699 0
7700 1
7701 0
7702 0
7703 0
7704 0
7705 0
7706 0
7707 0
7708 0
7709 1
7710 0
7711 0
7712 2
7713 2
7714 0
7715 1
7716 2
7717 2
7718 0
7719 1
7720 0
7721 1
7722 1
7723 2
7724 1
7725 0
7726 0
7727 2
7728 2
7729 1
7730 0
7731 0
7732 0
7733 1
7734 0
7735 0
7736 3
7737 0
7738 1
7739 0
7740 0
7741 0
7742 0
7743 0
7744 3
7745 0
7746 3
7747 0
7748 0
7749 0
7750 0
7751 0
7752 2
7753 1
7754 0
7755 0
7756 0
7757 0
7758 3
7759 0
7760 2
7761 1
7762 0
7763 0
7764 0
7765 1
7766 0
7767 2
7768 1
7769 3
7770 1
7771 1
7772 1
7773 0
7774 0
7775 0
7776 0
7777 0
7778 0
7779 0
7780 0
7781 1
7782 0
7783 1
7784 0
7785 2
7786 0
7787 0
7788 1
7789 0
7790 0
7791 0
7792 1
7793 0
7794 2
7795 0
7796 0
7797 0
7798 0
7799 0
7800 1
7801 0
7802 0
7803 0
7804 0
7805 0
7806 1
7807 0
7808 0
7809 2
7810 0
7811 1
7812 0
7813 0
7814 0
7815 0
7816 2
7817 0
7818 0
7819 0
7820 3
7821 0
7822 1
7823 0
7824 0
7825 1
7826 0
7827 1
7828 0
7829 0
7830 0
7831 1
7832 2
7833 1
7834 2
7835 0
7836 2
7837 0
7838 0
7839 2
7840 2
7841 0
7842 0
7843 0
7844 0
7845 0
7846 0
7847 0
7848 0
7849 0
7850 0
7851 2
7852 1
7853 0
7854 0
7855 1
7856 0
7857 0
7858 0
7859 2
7860 0
7861 1
7862 0
7863 0
7864 2
7865 0
7866 0
7867 3
7868 0
7869 1
7870 3
7871 0
7872 1
7873 1
7874 2
7875 0
7876 0
7877 1
7878 1
7879 2
7880 1
7881 0
7882 1
7883 1
7884 0
7885 0
7886 0
7887 0
7888 0
7889 0
7890 2
7891 0
7892 2
7893 2
7894 0
7895 1
7896 1
7897 0
7898 0
7899 0
7900 2
7901 0
7902 0
7903 0
7904 0
7905 0
7906 0
7907 0
7908 2
7909 0
7910 1
7911 0
7912 1
7913 1
7914 0
7915 0
7916 0
7917 0
7918 0
7919 0
7920 0
7921 0
7922 0
7923 0
7924 2
7925 0
7926 0
7927 0
7928 1
7929 1
7930 0
7931 0
7932 0
7933 1
7934 0
7935 0
7936 0
7937 0
7938 0
7939 1
7940 0
7941 1
7942 0
7943 0
7944 0
7945 1
7946 1
7947 0
7948 0
7949 0
7950 0
7951 1
7952 1
7953 1
7954 0
7955 2
7956 0
7957 0
7958 0
7959 0
7960 0
7961 0
7962 1
7963 1
7964 2
7965 0
7966 0
7967 0
7968 2
7969 2
7970 1
7971 1
7972 0
7973 0
7974 0
7975 1
7976 0
7977 0
7978 0
7979 0
7980 2
7981 0
7982 0
7983 2
7984 2
7985 0
7986 1
7987 0
7988 1
7989 2
7990 0
7991 1
7992 0
7993 1
7994 0
7995 0
7996 0
7997 0
7998 0
7999 0
8000 3
8001 0
8002 0
8003 0
8004 2
8005 0
8006 3
8007 1
8008 0
8009 2
8010 1
8011 0
8012 1
8013 0
8014 1
8015 2
8016 1
8017 2
8018 0
8019 0
8020 0
8021 0
8022 1
8023 3
8024 1
8025 1
8026 0
8027 0
8028 0
8029 2
8030 2
8031 0
8032 3
8033 1
8034 0
8035 0
8036 0
8037 0
8038 1
8039 2
8040 3
8041 0
8042 0
8043 0
8044 0
8045 1
8046 0
8047 3
8048 1
8049 0
8050 0
8051 0
8052 0
8053 1
8054 0
8055 0
8056 0
8057 0
8058 3
8059 1
8060 0
8061 0
8062 1
8063 0
8064 1
8065 1
8066 0
8067 2
8068 0
8069 2
8070 0
8071 2
8072 0
8073 0
8074 1
8075 1
8076 0
8077 0
8078 0
8079 0
8080 0
8081 2
8082 0
8083 0
8084 0
8085 0
8086 2
8087 0
8088 0
8089 0
8090 1
8091 0
8092 0
8093 0
8094 1
8095 0
8096 1
8097 1
8098 2
8099 0
8100 1
8101 1
8102 2
8103 0
8104 0
8105 0
8106 0
8107 0
8108 1
8109 0
8110 1
8111 0
8112 0
8113 3
8114 0
8115 0
8116 0
8117 0
8118 0
8119 0
8120 2
8121 1
8122 2
8123 2
8124 0
8125 1
8126 3
8127 0
8128 2
8129 2
8130 0
8131 1
8132 0
8133 0
8134 1
8135 1
8136 0
8137 1
8138 2
8139 0
8140 1
8141 0
8142 0
8143 0
8144 2
8145 0
8146 0
8147 0
8148 0
8149 0
8150 0
8151 0
8152 2
8153 1
8154 0
8155 0
8156 0
8157 0
8158 0
8159 0
8160 3
8161 0
8162 0
8163 1
8164 0
8165 0
8166 1
8167 1
8168 1
8169 1
8170 0
8171 2
8172 0
8173 0
8174 1
8175 3
8176 0
8177 2
8178 2
8179 0
8180 0
8181 1
8182 0
8183 0
8184 0
8185 0
8186 0
8187 0
8188 2
8189 0
8190 0
8191 2
8192 0
8193 0
8194 0
8195 0
8196 0
8197 2
8198 0
8199 0
8200 1
8201 1
8202 2
8203 0
8204 2
8205 1
8206 0
8207 0
8208 0
8209 2
8210 1
8211 0
8212 0
8213 1
8214 0
8215 0
8216 0
8217 2
8218 0
8219 0
8220 0
8221 0
8222 0
8223 1
8224 1
8225 0
8226 2
8227 0
8228 0
8229 1
8230 1
8231 0
8232 0
8233 2
8234 1
8235 2
8236 2
8237 1
8238 2
8239 0
8240 2
8241 2
8242 1
8243 0
8244 0
8245 1
8246 0
8247 0
8248 0
8249 0
8250 0
8251 0
8252 0
8253 0
8254 2
8255 0
8256 0
8257 0
8258 0
8259 1
8260 1
8261 0
8262 3
8263 0
8264 0
8265 1
8266 2
8267 2
8268 1
8269 0
8270 1
8271 1
8272 0
8273 1
8274 1
8275 1
8276 0
8277 0
8278 1
8279 1
8280 1
8281 2
8282 1
8283 0
8284 0
8285 1
8286 0
8287 0
8288 1
8289 1
8290 0
8291 3
8292 1
8293 0
8294 3
8295 1
8296 0
8297 0
8298 0
8299 0
8300 0
8301 1
8302 0
8303 0
8304 0
8305 0
8306 0
8307 0
8308 2
8309 0
8310 1
8311 0
8312 0
8313 0
8314 2
8315 3
8316 0
8317 0
8318 1
8319 0
8320 1
8321 0
8322 2
8323 0
8324 0
8325 2
8326 1
8327 0
8328 0
8329 0
8330 3
8331 2
8332 1
8333 0
8334 1
8335 1
8336 1
8337 0
8338 1
8339 0
8340 3
8341 0
8342 0
8343 2
8344 2
8345 0
8346 0
8347 0
8348 0
8349 0
8350 2
8351 0
8352 0
8353 0
8354 1
8355 0
8356 0
8357 0
8358 0
8359 0
8360 2
8361 0
8362 0
8363 0
8364 0
8365 1
8366 2
8367 1
8368 2
8369 0
8370 0
8371 0
8372 0
8373 1
8374 0
8375 1
8376 1
8377 0
8378 0
8379 0
8380 2
8381 0
8382 3
8383 0
8384 0
8385 0
8386 0
8387 2
8388 0
8389 3
8390 0
8391 0
8392 3
8393 1
8394 1
8395 0
8396 0
8397 1
8398 1
8399 1
8400 0
8401 2
8402 0
8403 0
8404 3
8405 1
8406 0
8407 0
8408 1
8409 0
8410 0
8411 0
8412 0
8413 2
8414 1
8415 0
8416 0
8417 0
8418 3
8419 1
8420 0
8421 0
8422 0
8423 0
8424 0
8425 3
8426 0
8427 0
8428 0
8429 0
8430 2
8431 0
8432 0
8433 0
8434 1
8435 0
8436 0
8437 2
8438 0
8439 2
8440 0
8441 0
8442 0
8443 0
8444 2
8445 1
8446 0
8447 0
8448 0
8449 0
8450 0
8451 1
8452 0
8453 0
8454 1
8455 1
8456 0
8457 0
8458 1
8459 1
8460 0
8461 0
8462 1
8463 0
8464 0
8465 0
8466 0
8467 2
8468 0
8469 1
8470 0
8471 1
8472 0
8473 1
8474 0
8475 0
8476 3
8477 2
8478 0
8479 1
8480 0
8481 2
8482 3
8483 1
8484 0
8485 0
8486 2
8487 1
8488 2
8489 0
8490 0
8491 1
8492 2
8493 0
8494 1
8495 1
8496 0
8497 1
8498 0
8499 1
8500 2
8501 0
8502 0
8503 0
8504 0
8505 0
8506 0
8507 2
8508 0
8509 1
8510 0
8511 2
8512 3
8513 1
8514 1
8515 2
8516 1
8517 1
8518 0
8519 0
8520 1
8521 0
8522 0
8523 1
8524 0
8525 0
8526 0
8527 2
8528 1
8529 1
8530 1
8531 3
8532 0
8533 1
8534 3
8535 2
8536 0
8537 3
8538 0
8539 0
8540 0
8541 2
8542 0
8543 0
8544 0
8545 0
8546 1
8547 1
8548 0
8549 1
8550 1
8551 0
8552 1
8553 0
8554 0
8555 3
8556 1
8557 0
8558 2
8559 0
8560 2
8561 0
8562 0
8563 0
8564 1
8565 0
8566 1
8567 1
8568 0
8569 0
8570 0
8571 1
8572 0
8573 1
8574 0
8575 0
8576 3
8577 0
8578 0
8579 0
8580 2
8581 1
8582 0
8583 2
8584 1
8585 0
8586 0
8587 1
8588 0
8589 1
8590 2
8591 0
8592 0
8593 0
8594 0
8595 2
8596 0
8597 0
8598 0
8599 1
8600 0
8601 1
8602 3
8603 0
8604 0
8605 1
8606 0
8607 0
8608 2
8609 3
8610 2
8611 0
8612 0
8613 1
8614 0
8615 1
8616 0
8617 1
8618 0
8619 0
8620 0
8621 0
8622 0
8623 0
8624 3
8625 0
8626 0
8627 0
8628 0
8629 0
8630 2
8631 1
8632 0
8633 0
8634 0
8635 0
8636 0
8637 0
8638 0
8639 0
8640 2
8641 0
8642 2
8643 1
8644 0
8645 2
8646 1
8647 2
8648 2
8649 0
8650 0
8651 0
8652 2
8653 3
8654 0
8655 0
8656 0
8657 0
8658 0
8659 0
8660 0
8661 2
8662 1
8663 0
8664 3
8665 0
8666 1
8667 1
8668 0
8669 0
8670 2
8671 0
8672 3
8673 0
8674 2
8675 0
8676 3
8677 1
8678 1
8679 0
8680 0
8681 1
8682 1
8683 0
8684 1
8685 0
8686 0
8687 1
8688 1
8689 0
8690 0
8691 0
8692 0
8693 0
8694 0
8695 0
8696 0
8697 0
8698 0
8699 1
8700 1
8701 2
8702 0
8703 1
8704 2
8705 0
8706 0
8707 0
8708 0
8709 0
8710 1
8711 0
8712 0
8713 0
8714 2
8715 0
8716 0
8717 1
8718 0
8719 0
8720 1
8721 0
8722 0
8723 0
8724 0
8725 0
8726 0
8727 1
8728 0
8729 0
8730 1
8731 0
8732 3
8733 3
8734 0
8735 3
8736 0
8737 1
8738 1
8739 0
8740 0
8741 1
8742 1
8743 0
8744 1
8745 3
8746 1
8747 0
8748 1
8749 0
8750 1
8751 1
8752 3
8753 0
8754 0
8755 0
8756 0
8757 0
8758 1
8759 0
8760 1
8761 1
8762 1
8763 0
8764 0
8765 0
8766 0
8767 0
8768 0
8769 0
8770 1
8771 2
8772 2
8773 0
8774 0
8775 0
8776 1
8777 0
8778 0
8779 0
8780 0
8781 0
8782 0
8783 0
8784 0
8785 3
8786 3
8787 0
8788 0
8789 0
8790 1
8791 1
8792 0
8793 0
8794 0
8795 0
8796 1
8797 2
8798 0
8799 0
8800 0
8801 2
8802 0
8803 1
8804 0
8805 3
8806 1
8807 2
8808 1
8809 0
8810 2
8811 0
8812 0
8813 0
8814 0
8815 0
8816 0
8817 2
8818 0
8819 0
8820 2
8821 0
8822 2
8823 0
8824 0
8825 0
8826 0
8827 1
8828 2
8829 0
8830 0
8831 0
8832 0
8833 1
8834 0
8835 0
8836 0
8837 0
8838 0
8839 1
8840 0
8841 0
8842 0
8843 0
8844 0
8845 0
8846 0
8847 1
8848 0
8849 2
8850 2
8851 2
8852 0
8853 1
8854 2
8855 0
8856 0
8857 0
8858 1
8859 1
8860 0
8861 1
8862 1
8863 0
8864 2
8865 1
8866 0
8867 1
8868 0
8869 0
8870 0
8871 0
8872 0
8873 2
8874 0
8875 1
8876 0
8877 0
8878 2
8879 0
8880 0
8881 0
8882 1
8883 0
8884 0
8885 0
8886 0
8887 0
8888 0
8889 0
8890 2
8891 0
8892 0
8893 1
8894 0
8895 0
8896 0
8897 1
8898 0
8899 2
8900 0
8901 0
8902 0
8903 0
8904 1
8905 1
8906 0
8907 2
8908 3
8909 1
8910 0
8911 0
8912 0
8913 0
8914 1
8915 0
8916 0
8917 3
8918 0
8919 3
8920 0
8921 0
8922 1
8923 2
8924 1
8925 1
8926 0
8927 1
8928 0
8929 0
8930 0
8931 0
8932 0
8933 0
8934 0
8935 3
8936 3
8937 0
8938 0
8939 0
8940 0
8941 0
8942 1
8943 0
8944 0
8945 0
8946 0
8947 0
8948 0
8949 0
8950 1
8951 0
8952 1
8953 1
8954 0
8955 1
8956 2
8957 1
8958 0
8959 1
8960 1
8961 0
8962 2
8963 3
8964 0
8965 0
8966 0
8967 0
8968 0
8969 0
8970 2
8971 0
8972 1
8973 0
8974 2
8975 2
8976 0
8977 2
8978 0
8979 0
8980 0
8981 0
8982 0
8983 0
8984 2
8985 0
8986 0
8987 0
8988 0
8989 2
8990 0
8991 0
8992 0
8993 0
8994 0
8995 0
8996 0
8997 0
8998 0
8999 0
9000 0
9001 1
9002 0
9003 2
9004 1
9005 0
9006 0
9007 0
9008 0
9009 0
9010 2
9011 0
9012 0
9013 0
9014 1
9015 0
9016 0
9017 1
9018 0
9019 0
9020 0
9021 0
9022 0
9023 0
9024 3
9025 0
9026 2
9027 2
9028 2
9029 0
9030 0
9031 0
9032 2
9033 1
9034 0
9035 0
9036 2
9037 0
9038 1
9039 1
9040 1
9041 0
9042 0
9043 2
9044 2
9045 1
9046 0
9047 0
9048 0
9049 2
9050 2
9051 0
9052 0
9053 2
9054 0
9055 0
9056 0
9057 1
9058 0
9059 1
9060 0
9061 1
9062 0
9063 3
9064 1
9065 0
9066 2
9067 2
9068 0
9069 2
9070 0
9071 0
9072 0
9073 1
9074 2
9075 3
9076 2
9077 1
9078 0
9079 1
9080 0
9081 0
9082 0
9083 1
9084 0
9085 1
9086 2
9087 3
9088 0
9089 0
9090 0
9091 3
9092 2
9093 0
9094 0
9095 0
9096 0
9097 0
9098 0
9099 0
9100 0
9101 0
9102 0
9103 1
9104 1
9105 1
9106 0
9107 3
9108 2
9109 3
9110 0
9111 0
9112 0
9113 1
9114 3
9115 0
9116 0
9117 0
9118 0
9119 0
9120 0
9121 0
9122 0
9123 0
9124 0
9125 0
9126 0
9127 1
9128 1
9129 0
9130 0
9131 0
9132 3
9133 0
9134 3
9135 1
9136 0
9137 0
9138 0
9139 0
9140 2
9141 0
9142 0
9143 0
9144 0
9145 0
9146 0
9147 1
9148 1
9149 1
9150 0
9151 0
9152 0
9153 1
9154 3
9155 0
9156 2
9157 0
9158 0
9159 2
9160 0
9161 0
9162 2
9163 0
9164 2
9165 0
9166 0
9167 3
9168 0
9169 0
9170 0
9171 0
9172 0
9173 0
9174 0
9175 0
9176 0
9177 1
9178 0
9179 1
9180 0
9181 0
9182 2
9183 0
9184 0
9185 0
9186 2
9187 0
9188 0
9189 0
9190 0
9191 0
9192 1
9193 1
9194 1
9195 0
9196 0
9197 0
9198 0
9199 0
9200 0
9201 1
9202 0
9203 1
9204 1
9205 1
9206 1
9207 0
9208 1
9209 0
9210 2
9211 3
9212 3
9213 0
9214 0
9215 0
9216 0
9217 0
9218 1
9219 0
9220 0
9221 1
9222 0
9223 0
9224 0
9225 0
9226 1
9227 2
9228 0
9229 0
9230 0
9231 1
9232 0
9233 0
9234 0
9235 0
9236 2
9237 0
9238 0
9239 1
9240 0
9241 0
9242 0
9243 1
9244 1
9245 0
9246 1
9247 0
9248 1
9249 2
9250 0
9251 0
9252 0
9253 1
9254 1
9255 0
9256 0
9257 1
9258 2
9259 0
9260 0
9261 0
9262 1
9263 0
9264 0
9265 0
9266 0
9267 0
9268 0
9269 2
9270 0
9271 1
9272 2
9273 1
9274 0
9275 0
9276 0
9277 0
9278 0
9279 0
9280 2
9281 3
9282 0
9283 0
9284 3
9285 1
9286 3
9287 2
9288 0
9289 0
9290 0
9291 0
9292 0
9293 0
9294 0
9295 1
9296 0
9297 0
9298 0
9299 0
9300 0
9301 0
9302 0
9303 0
9304 0
9305 0
9306 0
9307 1
9308 3
9309 2
9310 2
9311 0
9312 0
9313 0
9314 0
9315 0
9316 0
9317 1
9318 1
9319 0
9320 2
9321 0
9322 2
9323 0
9324 0
9325 0
9326 0
9327 2
9328 0
9329 2
9330 0
9331 1
9332 0
9333 3
9334 0
9335 0
9336 2
9337 2
9338 1
9339 0
9340 0
9341 0
9342 0
9343 1
9344 0
9345 0
9346 2
9347 2
9348 0
9349 0
9350 0
9351 0
9352 0
9353 0
9354 2
9355 0
9356 0
9357 0
9358 0
9359 1
9360 2
9361 1
9362 0
9363 0
9364 0
9365 2
9366 1
9367 0
9368 0
9369 0
9370 1
9371 0
9372 0
9373 0
9374 2
9375 0
9376 0
9377 2
9378 1
9379 0
9380 0
9381 0
9382 1
9383 0
9384 0
9385 0
9386 0
9387 2
9388 0
9389 2
9390 0
9391 2
9392 0
9393 0
9394 0
9395 0
9396 0
9397 1
9398 0
9399 0
9400 2
9401 1
9402 1
9403 1
9404 2
9405 1
9406 0
9407 0
9408 1
9409 0
9410 0
9411 1
9412 1
9413 1
9414 0
9415 1
9416 0
9417 0
9418 0
9419 0
9420 0
9421 0
9422 0
9423 0
9424 1
9425 0
9426 1
9427 1
9428 0
9429 1
9430 0
9431 0
9432 1
9433 0
9434 0
9435 1
9436 3
9437 1
9438 0
9439 0
9440 2
9441 0
9442 0
9443 0
9444 2
9445 2
9446 0
9447 0
9448 0
9449 1
9450 0
9451 0
9452 1
9453 0
9454 0
9455 2
9456 0
9457 0
9458 0
9459 0
9460 0
9461 0
9462 0
9463 0
9464 2
9465 0
9466 1
9467 0
9468 1
9469 1
9470 0
9471 1
9472 1
9473 2
9474 3
9475 1
9476 0
9477 2
9478 2
9479 1
9480 0
9481 0
9482 0
9483 0
9484 0
9485 0
9486 0
9487 2
9488 2
9489 0
9490 1
9491 2
9492 2
9493 0
9494 0
9495 1
9496 0
9497 2
9498 0
9499 0
9500 1
9501 0
9502 0
9503 0
9504 2
9505 0
9506 0
9507 0
9508 0
9509 1
9510 0
9511 2
9512 2
9513 0
9514 0
9515 0
9516 0
9517 0
9518 3
9519 1
9520 2
9521 0
9522 0
9523 2
9524 0
9525 1
9526 1
9527 0
9528 0
9529 2
9530 2
9531 0
9532 0
9533 2
9534 0
9535 0
9536 1
9537 0
9538 0
9539 0
9540 0
9541 0
9542 0
9543 0
9544 1
9545 0
9546 3
9547 1
9548 0
9549 0
9550 0
9551 0
9552 0
9553 0
9554 0
9555 0
9556 1
9557 0
9558 1
9559 0
9560 0
9561 1
9562 0
9563 0
9564 0
9565 1
9566 0
9567 0
9568 0
9569 1
9570 0
9571 0
9572 1
9573 0
9574 2
9575 0
9576 0
9577 0
9578 0
9579 3
9580 1
9581 0
9582 0
9583 2
9584 0
9585 0
9586 1
9587 1
9588 2
9589 0
9590 1
9591 1
9592 0
9593 0
9594 0
9595 0
9596 0
9597 0
9598 0
9599 1
9600 2
9601 0
9602 2
9603 2
9604 0
9605 2
9606 0
9607 3
9608 0
9609 0
9610 0
9611 0
9612 0
9613 0
9614 0
9615 0
9616 1
9617 0
9618 0
9619 1
9620 0
9621 1
9622 0
9623 0
9624 0
9625 1
9626 3
9627 1
9628 0
9629 0
9630 0
9631 0
9632 0
9633 0
9634 0
9635 1
9636 0
9637 2
9638 0
9639 0
9640 0
9641 0
9642 0
9643 0
9644 2
9645 1
9646 0
9647 1
9648 1
9649 0
9650 0
9651 2
9652 0
9653 3
9654 0
9655 1
9656 0
9657 0
9658 0
9659 2
9660 0
9661 3
9662 0
9663 2
9664 0
9665 0
9666 1
9667 0
9668 0
9669 0
9670 2
9671 0
9672 0
9673 0
9674 0
9675 2
9676 0
9677 0
9678 2
9679 0
9680 0
9681 0
9682 0
9683 0
9684 1
9685 0
9686 1
9687 1
9688 0
9689 0
9690 2
9691 0
9692 1
9693 0
9694 1
9695 0
9696 0
9697 0
9698 2
9699 1
9700 0
9701 2
9702 2
9703 2
9704 2
9705 0
9706 3
9707 0
9708 1
9709 0
9710 0
9711 0
9712 0
9713 0
9714 0
9715 1
9716 2
9717 0
9718 1
9719 0
9720 1
9721 2
9722 0
9723 1
9724 0
9725 1
9726 0
9727 0
9728 0
9729 0
9730 2
9731 0
9732 1
9733 0
9734 0
9735 0
9736 0
9737 0
9738 0
9739 0
9740 0
9741 0
9742 0
9743 0
9744 0
9745 1
9746 1
9747 1
9748 0
9749 0
9750 0
9751 2
9752 3
9753 2
9754 0
9755 0
9756 0
9757 1
9758 3
9759 0
9760 0
9761 0
9762 0
9763 0
9764 0
9765 0
9766 0
9767 0
9768 1
9769 1
9770 0
9771 1
9772 1
9773 0
9774 0
9775 0
9776 0
9777 2
9778 1
9779 0
9780 0
9781 1
9782 2
9783 3
9784 1
9785 0
9786 2
9787 0
9788 0
9789 0
9790 2
9791 1
9792 0
9793 0
9794 0
9795 3
9796 0
9797 1
9798 0
9799 0
9800 0
9801 1
9802 0
9803 3
9804 0
9805 0
9806 0
9807 0
9808 2
9809 0
9810 1
9811 0
9812 0
9813 1
9814 0
9815 0
9816 0
9817 1
9818 0
9819 0
9820 0
9821 1
9822 1
9823 2
9824 1
9825 1
9826 0
9827 1
9828 0
9829 0
9830 1
9831 0
9832 1
9833 2
9834 0
9835 0
9836 1
9837 2
9838 0
9839 0
9840 0
9841 0
9842 1
9843 1
9844 0
9845 3
9846 1
9847 0
9848 0
9849 1
9850 0
9851 0
9852 1
9853 0
9854 0
9855 0
9856 1
9857 0
9858 0
9859 0
9860 0
9861 0
9862 0
9863 1
9864 0
9865 0
9866 1
9867 0
9868 0
9869 0
9870 2
9871 1
9872 0
9873 0
9874 0
9875 2
9876 1
9877 0
9878 1
9879 2
9880 0
9881 0
9882 0
9883 0
9884 2
9885 0
9886 0
9887 0
9888 0
9889 0
9890 2
9891 1
9892 1
9893 0
9894 0
9895 1
9896 0
9897 0
9898 0
9899 0
9900 0
9901 0
9902 2
9903 2
9904 2
9905 1
9906 0
9907 2
9908 0
9909 0
9910 3
9911 0
9912 1
9913 1
9914 0
9915 0
9916 0
9917 1
9918 0
9919 0
9920 1
9921 0
9922 2
9923 2
9924 0
9925 0
9926 1
9927 2
9928 0
9929 1
9930 1
9931 0
9932 2
9933 3
9934 0
9935 2
9936 1
9937 0
9938 0
9939 3
9940 0
9941 2
9942 0
9943 0
9944 1
9945 1
9946 1
9947 1
9948 0
9949 1
9950 0
9951 1
9952 0
9953 0
9954 0
9955 0
9956 0
9957 0
9958 1
9959 0
9960 0
9961 0
9962 1
9963 0
9964 3
9965 0
9966 0
9967 2
9968 1
9969 0
9970 2
9971 1
9972 1
9973 1
9974 3
9975 2
9976 2
9977 0
9978 0
9979 0
9980 0
9981 1
9982 0
9983 1
9984 0
9985 0
9986 2
9987 1
9988 2
9989 1
9990 0
9991 0
9992 3
9993 0
9994 1
9995 1
9996 0
9997 0
9998 0
9999 1
