0 0
1 0
2 0
3 0
4 0
5 0
6 0
7 0
8 0
9 0
10 0
11 0
12 0
13 0
14 0
15 0
16 0
17 0
18 0
19 0
20 0
21 0
22 0
23 0
24 0
25 0
26 0
27 0
28 0
29 0
30 0
31 0
32 0
33 0
34 0
35 0
36 0
37 0
38 0
39 0
40 0
41 0
42 0
43 0
44 0
45 0
46 0
47 0
48 0
49 0
50 0
51 0
52 0
53 0
54 0
55 0
56 0
57 0
58 0
59 0
60 0
61 0
62 0
63 0
64 0
65 0
66 0
67 0
68 0
69 0
70 0
71 0
72 0
73 0
74 0
75 0
76 0
77 0
78 0
79 0
80 0
81 0
82 0
83 0
84 0
85 0
86 0
87 0
88 0
89 0
90 0
91 0
92 0
93 0
94 0
95 0
96 0
97 0
98 0
99 0
100 0
101 0
102 0
103 0
104 0
105 0
106 0
107 0
108 0
109 0
110 0
111 0
112 0
113 0
114 0
115 0
116 0
117 0
118 0
119 0
120 0
121 0
122 0
123 0
124 0
125 0
126 0
127 0
128 0
129 0
130 0
131 0
132 0
133 0
134 0
135 0
136 0
137 0
138 0
139 0
140 0
141 0
142 0
143 0
144 0
145 0
146 0
147 0
148 0
149 0
150 0
151 0
152 0
153 0
154 0
155 0
156 0
157 0
158 0
159 0
160 0
161 0
162 0
163 0
164 0
165 0
166 0
167 0
168 0
169 0
170 0
171 0
172 0
173 0
174 0
175 0
176 0
177 0
178 0
179 0
180 0
181 0
182 0
183 0
184 0
185 0
186 0
187 0
188 0
189 0
190 0
191 0
192 0
193 0
194 0
195 0
196 0
197 0
198 0
199 0
200 0
201 0
202 0
203 0
204 0
205 0
206 0
207 0
208 0
209 0
210 0
211 0
212 0
213 0
214 0
215 0
216 0
217 0
218 0
219 0
220 0
221 0
222 0
223 0
224 0
225 0
226 0
227 0
228 0
229 0
230 0
231 0
232 0
233 0
234 0
235 0
236 0
237 0
238 0
239 0
240 0
241 0
242 0
243 0
244 0
245 0
246 0
247 0
248 0
249 0
250 0
251 0
252 0
253 0
254 0
255 0
256 0
257 0
258 0
259 0
260 0
261 0
262 0
263 0
264 0
265 0
266 0
267 0
268 0
269 0
270 0
271 0
272 0
273 0
274 0
275 0
276 0
277 0
278 0
279 0
280 0
281 0
282 0
283 0
284 0
285 0
286 0
287 0
288 0
289 0
290 0
291 0
292 0
293 0
294 0
295 0
296 0
297 0
298 0
299 0
300 0
301 0
302 0
303 0
304 0
305 0
306 0
307 0
308 0
309 0
310 0
311 0
312 0
313 0
314 0
315 0
316 0
317 0
318 0
319 0
320 0
321 0
322 0
323 0
324 0
325 0
326 0
327 0
328 0
329 0
330 0
331 0
332 0
333 0
334 0
335 0
336 0
337 0
338 0
339 0
340 0
341 0
342 0
343 0
344 0
345 0
346 0
347 0
348 0
349 0
350 0
351 0
352 0
353 0
354 0
355 0
356 0
357 0
358 0
359 0
360 0
361 0
362 0
363 0
364 0
365 0
366 0
367 0
368 0
369 0
370 0
371 0
372 0
373 0
374 0
375 0
376 0
377 0
378 0
379 0
380 0
381 0
382 0
383 0
384 0
385 0
386 0
387 0
388 0
389 0
390 0
391 0
392 0
393 0
394 0
395 0
396 0
397 0
398 0
399 0
400 0
401 0
402 0
403 0
404 0
405 0
406 0
407 0
408 0
409 0
410 0
411 0
412 0
413 0
414 0
415 0
416 0
417 0
418 0
419 0
420 0
421 0
422 0
423 0
424 0
425 0
426 0
427 0
428 0
429 0
430 0
431 0
432 0
433 0
434 0
435 0
436 0
437 0
438 0
439 0
440 0
441 0
442 0
443 0
444 0
445 0
446 0
447 0
448 0
449 0
450 0
451 0
452 0
453 0
454 0
455 0
456 0
457 0
458 0
459 0
460 0
461 0
462 0
463 0
464 0
465 0
466 0
467 0
468 0
469 0
470 0
471 0
472 0
473 0
474 0
475 0
476 0
477 0
478 0
479 0
480 0
481 0
482 0
483 0
484 0
485 0
486 0
487 0
488 0
489 0
490 0
491 0
492 0
493 0
494 0
495 0
496 0
497 0
498 0
499 0
500 0
501 0
502 0
503 0
504 0
505 0
506 0
507 0
508 0
509 0
510 0
511 0
512 0
513 0
514 0
515 0
516 0
517 0
518 0
519 0
520 0
521 0
522 0
523 0
524 0
525 0
526 0
527 0
528 0
529 0
530 0
531 0
532 0
533 0
534 0
535 0
536 0
537 0
538 0
539 0
540 0
541 0
542 0
543 0
544 0
545 0
546 0
547 0
548 0
549 0
550 0
551 0
552 0
553 0
554 0
555 0
556 0
557 0
558 0
559 0
560 0
561 0
562 0
563 0
564 0
565 0
566 0
567 0
568 0
569 0
570 0
571 0
572 0
573 0
574 0
575 0
576 0
577 0
578 0
579 0
580 0
581 0
582 0
583 0
584 0
585 0
586 0
587 0
588 0
589 0
590 0
591 0
592 0
593 0
594 0
595 0
596 0
597 0
598 0
599 0
600 0
601 0
602 0
603 0
604 0
605 0
606 0
607 0
608 0
609 0
610 0
611 0
612 0
613 0
614 0
615 0
616 0
617 0
618 0
619 0
620 0
621 0
622 0
623 0
624 0
625 0
626 0
627 0
628 0
629 0
630 0
631 0
632 0
633 0
634 0
635 0
636 0
637 0
638 0
639 0
640 0
641 0
642 0
643 0
644 0
645 0
646 0
647 0
648 0
649 0
650 0
651 0
652 0
653 0
654 0
655 0
656 0
657 0
658 0
659 0
660 0
661 0
662 0
663 0
664 0
665 0
666 0
667 0
668 0
669 0
670 0
671 0
672 0
673 0
674 0
675 0
676 0
677 0
678 0
679 0
680 0
681 0
682 0
683 0
684 0
685 0
686 0
687 0
688 0
689 0
690 0
691 0
692 0
693 0
694 0
695 0
696 0
697 0
698 0
699 0
700 0
701 0
702 0
703 0
704 0
705 0
706 0
707 0
708 0
709 0
710 0
711 0
712 0
713 0
714 0
715 0
716 0
717 0
718 0
719 0
720 0
721 0
722 0
723 0
724 0
725 0
726 0
727 0
728 0
729 0
730 0
731 0
732 0
733 0
734 0
735 0
736 0
737 0
738 0
739 0
740 0
741 0
742 0
743 0
744 0
745 0
746 0
747 0
748 0
749 0
750 0
751 0
752 0
753 0
754 0
755 0
756 0
757 0
758 0
759 0
760 0
761 0
762 0
763 0
764 0
765 0
766 0
767 0
768 0
769 0
770 0
771 0
772 0
773 0
774 0
775 0
776 0
777 0
778 0
779 0
780 0
781 0
782 0
783 0
784 0
785 0
786 0
787 0
788 0
789 0
790 0
791 0
792 0
793 0
794 0
795 0
796 0
797 0
798 0
799 0
800 0
801 0
802 0
803 0
804 0
805 0
806 0
807 0
808 0
809 0
810 0
811 0
812 0
813 0
814 0
815 0
816 0
817 0
818 0
819 0
820 0
821 0
822 0
823 0
824 0
825 0
826 0
827 0
828 0
829 0
830 0
831 0
832 0
833 0
834 0
835 0
836 0
837 0
838 0
839 0
840 0
841 0
842 0
843 0
844 0
845 0
846 0
847 0
848 0
849 0
850 0
851 0
852 0
853 0
854 0
855 0
856 0
857 0
858 0
859 0
860 0
861 0
862 0
863 0
864 0
865 0
866 0
867 0
868 0
869 0
870 0
871 0
872 0
873 0
874 0
875 0
876 0
877 0
878 0
879 0
880 0
881 0
882 0
883 0
884 0
885 0
886 0
887 0
888 0
889 0
890 0
891 0
892 0
893 0
894 0
895 0
896 0
897 0
898 0
899 0
900 0
901 0
902 0
903 0
904 0
905 0
906 0
907 0
908 0
909 0
910 0
911 0
912 0
913 0
914 0
915 0
916 0
917 0
918 0
919 0
920 0
921 0
922 0
923 0
924 0
925 0
926 0
927 0
928 0
929 0
930 0
931 0
932 0
933 0
934 0
935 0
936 0
937 0
938 0
939 0
940 0
941 0
942 0
943 0
944 0
945 0
946 0
947 0
948 0
949 0
950 0
951 0
952 0
953 0
954 0
955 0
956 0
957 0
958 0
959 0
960 0
961 0
962 0
963 0
964 0
965 0
966 0
967 0
968 0
969 0
970 0
971 0
972 0
973 0
974 0
975 0
976 0
977 0
978 0
979 0
980 0
981 0
982 0
983 0
984 0
985 0
986 0
987 0
988 0
989 0
990 0
991 0
992 0
993 0
994 0
995 0
996 0
997 0
998 0
999 0
1000 0
1001 0
1002 0
1003 0
1004 0
1005 0
1006 0
1007 0
1008 0
1009 0
1010 0
1011 0
1012 0
1013 0
1014 0
1015 0
1016 0
1017 0
1018 0
1019 0
1020 0
1021 0
1022 0
1023 0
1024 0
1025 0
1026 0
1027 0
1028 0
1029 0
1030 0
1031 0
1032 0
1033 0
1034 0
1035 0
1036 0
1037 0
1038 0
1039 0
1040 0
1041 0
1042 0
1043 0
1044 0
1045 0
1046 0
1047 0
1048 0
1049 0
1050 0
1051 0
1052 0
1053 0
1054 0
1055 0
1056 0
1057 0
1058 0
1059 0
1060 0
1061 0
1062 0
1063 0
1064 0
1065 0
1066 0
1067 0
1068 0
1069 0
1070 0
1071 0
1072 0
1073 0
1074 0
1075 0
1076 0
1077 0
1078 0
1079 0
1080 0
1081 0
1082 0
1083 0
1084 0
1085 0
1086 0
1087 0
1088 0
1089 0
1090 0
1091 0
1092 0
1093 0
1094 0
1095 0
1096 0
1097 0
1098 0
1099 0
1100 0
1101 0
1102 0
1103 0
1104 0
1105 0
1106 0
1107 0
1108 0
1109 0
1110 0
1111 0
1112 0
1113 0
1114 0
1115 0
1116 0
1117 0
1118 0
1119 0
1120 0
1121 0
1122 0
1123 0
1124 0
1125 0
1126 0
1127 0
1128 0
1129 0
1130 0
1131 0
1132 0
1133 0
1134 0
1135 0
1136 0
1137 0
1138 0
1139 0
1140 0
1141 0
1142 0
1143 0
1144 0
1145 0
1146 0
1147 0
1148 0
1149 0
1150 0
1151 0
1152 0
1153 0
1154 0
1155 0
1156 0
1157 0
1158 0
1159 0
1160 0
1161 0
1162 0
1163 0
1164 0
1165 0
1166 0
1167 0
1168 0
1169 0
1170 0
1171 0
1172 0
1173 0
1174 0
1175 0
1176 0
1177 0
1178 0
1179 0
1180 0
1181 0
1182 0
1183 0
1184 0
1185 0
1186 0
1187 0
1188 0
1189 0
1190 0
1191 0
1192 0
1193 0
1194 0
1195 0
1196 0
1197 0
1198 0
1199 0
1200 0
1201 0
1202 0
1203 0
1204 0
1205 0
1206 0
1207 0
1208 0
1209 0
1210 0
1211 0
1212 0
1213 0
1214 0
1215 0
1216 0
1217 0
1218 0
1219 0
1220 0
1221 0
1222 0
1223 0
1224 0
1225 0
1226 0
1227 0
1228 0
1229 0
1230 0
1231 0
1232 0
1233 0
1234 0
1235 0
1236 0
1237 0
1238 0
1239 0
1240 0
1241 0
1242 0
1243 0
1244 0
1245 0
1246 0
1247 0
1248 0
1249 0
1250 0
1251 0
1252 0
1253 0
1254 0
1255 0
1256 0
1257 0
1258 0
1259 0
1260 0
1261 0
1262 0
1263 0
1264 0
1265 0
1266 0
1267 0
1268 0
1269 0
1270 0
1271 0
1272 0
1273 0
1274 0
1275 0
1276 0
1277 0
1278 0
1279 0
1280 0
1281 0
1282 0
1283 0
1284 0
1285 0
1286 0
1287 0
1288 0
1289 0
1290 0
1291 0
1292 0
1293 0
1294 0
1295 0
1296 0
1297 0
1298 0
1299 0
1300 0
1301 0
1302 0
1303 0
1304 0
1305 0
1306 0
1307 0
1308 0
1309 0
1310 0
1311 0
1312 0
1313 0
1314 0
1315 0
1316 0
1317 0
1318 0
1319 0
1320 0
1321 0
1322 0
1323 0
1324 0
1325 0
1326 0
1327 0
1328 0
1329 0
1330 0
1331 0
1332 0
1333 0
1334 0
1335 0
1336 0
1337 0
1338 0
1339 0
1340 0
1341 0
1342 0
1343 0
1344 0
1345 0
1346 0
1347 0
1348 0
1349 0
1350 0
1351 0
1352 0
1353 0
1354 0
1355 0
1356 0
1357 0
1358 0
1359 0
1360 0
1361 0
1362 0
1363 0
1364 0
1365 0
1366 0
1367 0
1368 0
1369 0
1370 0
1371 0
1372 0
1373 0
1374 0
1375 0
1376 0
1377 0
1378 0
1379 0
1380 0
1381 0
1382 0
1383 0
1384 0
1385 0
1386 0
1387 0
1388 0
1389 0
1390 0
1391 0
1392 0
1393 0
1394 0
1395 0
1396 0
1397 0
1398 0
1399 0
1400 0
1401 0
1402 0
1403 0
1404 0
1405 0
1406 0
1407 0
1408 0
1409 0
1410 0
1411 0
1412 0
1413 0
1414 0
1415 0
1416 0
1417 0
1418 0
1419 0
1420 0
1421 0
1422 0
1423 0
1424 0
1425 0
1426 0
1427 0
1428 0
1429 0
1430 0
1431 0
1432 0
1433 0
1434 0
1435 0
1436 0
1437 0
1438 0
1439 0
1440 0
1441 0
1442 0
1443 0
1444 0
1445 0
1446 0
1447 0
1448 0
1449 0
1450 0
1451 0
1452 0
1453 0
1454 0
1455 0
1456 0
1457 0
1458 0
1459 0
1460 0
1461 0
1462 0
1463 0
1464 0
1465 0
1466 0
1467 0
1468 0
1469 0
1470 0
1471 0
1472 0
1473 0
1474 0
1475 0
1476 0
1477 0
1478 0
1479 0
1480 0
1481 0
1482 0
1483 0
1484 0
1485 0
1486 0
1487 0
1488 0
1489 0
1490 0
1491 0
1492 0
1493 0
1494 0
1495 0
1496 0
1497 0
1498 0
1499 0
1500 0
1501 0
1502 0
1503 0
1504 0
1505 0
1506 0
1507 0
1508 0
1509 0
1510 0
1511 0
1512 0
1513 0
1514 0
1515 0
1516 0
1517 0
1518 0
1519 0
1520 0
1521 0
1522 0
1523 0
1524 0
1525 0
1526 0
1527 0
1528 0
1529 0
1530 0
1531 0
1532 0
1533 0
1534 0
1535 0
1536 0
1537 0
1538 0
1539 0
1540 0
1541 0
1542 0
1543 0
1544 0
1545 0
1546 0
1547 0
1548 0
1549 0
1550 0
1551 0
1552 0
1553 0
1554 0
1555 0
1556 0
1557 0
1558 0
1559 0
1560 0
1561 0
1562 0
1563 0
1564 0
1565 0
1566 0
1567 0
1568 0
1569 0
1570 0
1571 0
1572 0
1573 0
1574 0
1575 0
1576 0
1577 0
1578 0
1579 0
1580 0
1581 0
1582 0
1583 0
1584 0
1585 0
1586 0
1587 0
1588 0
1589 0
1590 0
1591 0
1592 0
1593 0
1594 0
1595 0
1596 0
1597 0
1598 0
1599 0
1600 0
1601 0
1602 0
1603 0
1604 0
1605 0
1606 0
1607 0
1608 0
1609 0
1610 0
1611 0
1612 0
1613 0
1614 0
1615 0
1616 0
1617 0
1618 0
1619 0
1620 0
1621 0
1622 0
1623 0
1624 0
1625 0
1626 0
1627 0
1628 0
1629 0
1630 0
1631 0
1632 0
1633 0
1634 0
1635 0
1636 0
1637 0
1638 0
1639 0
1640 0
1641 0
1642 0
1643 0
1644 0
1645 0
1646 0
1647 0
1648 0
1649 0
1650 0
1651 0
1652 0
1653 0
1654 0
1655 0
1656 0
1657 0
1658 0
1659 0
1660 0
1661 0
1662 0
1663 0
1664 0
1665 0
1666 0
1667 0
1668 0
1669 0
1670 0
1671 0
1672 0
1673 0
1674 0
1675 0
1676 0
1677 0
1678 0
1679 0
1680 0
1681 0
1682 0
1683 0
1684 0
1685 0
1686 0
1687 0
1688 0
1689 0
1690 0
1691 0
1692 0
1693 0
1694 0
1695 0
1696 0
1697 0
1698 0
1699 0
1700 0
1701 0
1702 0
1703 0
1704 0
1705 0
1706 0
1707 0
1708 0
1709 0
1710 0
1711 0
1712 0
1713 0
1714 0
1715 0
1716 0
1717 0
1718 0
1719 0
1720 0
1721 0
1722 0
1723 0
1724 0
1725 0
1726 0
1727 0
1728 0
1729 0
1730 0
1731 0
1732 0
1733 0
1734 0
1735 0
1736 0
1737 0
1738 0
1739 0
1740 0
1741 0
1742 0
1743 0
1744 0
1745 0
1746 0
1747 0
1748 0
1749 0
1750 0
1751 0
1752 0
1753 0
1754 0
1755 0
1756 0
1757 0
1758 0
1759 0
1760 0
1761 0
1762 0
1763 0
1764 0
1765 0
1766 0
1767 0
1768 0
1769 0
1770 0
1771 0
1772 0
1773 0
1774 0
1775 0
1776 0
1777 0
1778 0
1779 0
1780 0
1781 0
1782 0
1783 0
1784 0
1785 0
1786 0
1787 0
1788 0
1789 0
1790 0
1791 0
1792 0
1793 0
1794 0
1795 0
1796 0
1797 0
1798 0
1799 0
1800 0
1801 0
1802 0
1803 0
1804 0
1805 0
1806 0
1807 0
1808 0
1809 0
1810 0
1811 0
1812 0
1813 0
1814 0
1815 0
1816 0
1817 0
1818 0
1819 0
1820 0
1821 0
1822 0
1823 0
1824 0
1825 0
1826 0
1827 0
1828 0
1829 0
1830 0
1831 0
1832 0
1833 0
1834 0
1835 0
1836 0
1837 0
1838 0
1839 0
1840 0
1841 0
1842 0
1843 0
1844 0
1845 0
1846 0
1847 0
1848 0
1849 0
1850 0
1851 0
1852 0
1853 0
1854 0
1855 0
1856 0
1857 0
1858 0
1859 0
1860 0
1861 0
1862 0
1863 0
1864 0
1865 0
1866 0
1867 0
1868 0
1869 0
1870 0
1871 0
1872 0
1873 0
1874 0
1875 0
1876 0
1877 0
1878 0
1879 0
1880 0
1881 0
1882 0
1883 0
1884 0
1885 0
1886 0
1887 0
1888 0
1889 0
1890 0
1891 0
1892 0
1893 0
1894 0
1895 0
1896 0
1897 0
1898 0
1899 0
1900 0
1901 0
1902 0
1903 0
1904 0
1905 0
1906 0
1907 0
1908 0
1909 0
1910 0
1911 0
1912 0
1913 0
1914 0
1915 0
1916 0
1917 0
1918 0
1919 0
1920 0
1921 0
1922 0
1923 0
1924 0
1925 0
1926 0
1927 0
1928 0
1929 0
1930 0
1931 0
1932 0
1933 0
1934 0
1935 0
1936 0
1937 0
1938 0
1939 0
1940 0
1941 0
1942 0
1943 0
1944 0
1945 0
1946 0
1947 0
1948 0
1949 0
1950 0
1951 0
1952 0
1953 0
1954 0
1955 0
1956 0
1957 0
1958 0
1959 0
1960 0
1961 0
1962 0
1963 0
1964 0
1965 0
1966 0
1967 0
1968 0
1969 0
1970 0
1971 0
1972 0
1973 0
1974 0
1975 0
1976 0
1977 0
1978 0
1979 0
1980 0
1981 0
1982 0
1983 0
1984 0
1985 0
1986 0
1987 0
1988 0
1989 0
1990 0
1991 0
1992 0
1993 0
1994 0
1995 0
1996 0
1997 0
1998 0
1999 0
2000 0
2001 0
2002 0
2003 0
2004 0
2005 0
2006 0
2007 0
2008 0
2009 0
2010 0
2011 0
2012 0
2013 0
2014 0
2015 0
2016 0
2017 0
2018 0
2019 0
2020 0
2021 0
2022 0
2023 0
2024 0
2025 0
2026 0
2027 0
2028 0
2029 0
2030 0
2031 0
2032 0
2033 0
2034 0
2035 0
2036 0
2037 0
2038 0
2039 0
2040 0
2041 0
2042 0
2043 0
2044 0
2045 0
2046 0
2047 0
2048 0
2049 0
2050 0
2051 0
2052 0
2053 0
2054 0
2055 0
2056 0
2057 0
2058 0
2059 0
2060 0
2061 0
2062 0
2063 0
2064 0
2065 0
2066 0
2067 0
2068 0
2069 0
2070 0
2071 0
2072 0
2073 0
2074 0
2075 0
2076 0
2077 0
2078 0
2079 0
2080 0
2081 0
2082 0
2083 0
2084 0
2085 0
2086 0
2087 0
2088 0
2089 0
2090 0
2091 0
2092 0
2093 0
2094 0
2095 0
2096 0
2097 0
2098 0
2099 0
2100 0
2101 0
2102 0
2103 0
2104 0
2105 0
2106 0
2107 0
2108 0
2109 0
2110 0
2111 0
2112 0
2113 0
2114 0
2115 0
2116 0
2117 0
2118 0
2119 0
2120 0
2121 0
2122 0
2123 0
2124 0
2125 0
2126 0
2127 0
2128 0
2129 0
2130 0
2131 0
2132 0
2133 0
2134 0
2135 0
2136 0
2137 0
2138 0
2139 0
2140 0
2141 0
2142 0
2143 0
2144 0
2145 0
2146 0
2147 0
2148 0
2149 0
2150 0
2151 0
2152 0
2153 0
2154 0
2155 0
2156 0
2157 0
2158 0
2159 0
2160 0
2161 0
2162 0
2163 0
2164 0
2165 0
2166 0
2167 0
2168 0
2169 0
2170 0
2171 0
2172 0
2173 0
2174 0
2175 0
2176 0
2177 0
2178 0
2179 0
2180 0
2181 0
2182 0
2183 0
2184 0
2185 0
2186 0
2187 0
2188 0
2189 0
2190 0
2191 0
2192 0
2193 0
2194 0
2195 0
2196 0
2197 0
2198 0
2199 0
2200 0
2201 0
2202 0
2203 0
2204 0
2205 0
2206 0
2207 0
2208 0
2209 0
2210 0
2211 0
2212 0
2213 0
2214 0
2215 0
2216 0
2217 0
2218 0
2219 0
2220 0
2221 0
2222 0
2223 0
2224 0
2225 0
2226 0
2227 0
2228 0
2229 0
2230 0
2231 0
2232 0
2233 0
2234 0
2235 0
2236 0
2237 0
2238 0
2239 0
2240 0
2241 0
2242 0
2243 0
2244 0
2245 0
2246 0
2247 0
2248 0
2249 0
2250 0
2251 0
2252 0
2253 0
2254 0
2255 0
2256 0
2257 0
2258 0
2259 0
2260 0
2261 0
2262 0
2263 0
2264 0
2265 0
2266 0
2267 0
2268 0
2269 0
2270 0
2271 0
2272 0
2273 0
2274 0
2275 0
2276 0
2277 0
2278 0
2279 0
2280 0
2281 0
2282 0
2283 0
2284 0
2285 0
2286 0
2287 0
2288 0
2289 0
2290 0
2291 0
2292 0
2293 0
2294 0
2295 0
2296 0
2297 0
2298 0
2299 0
2300 0
2301 0
2302 0
2303 0
2304 0
2305 0
2306 0
2307 0
2308 0
2309 0
2310 0
2311 0
2312 0
2313 0
2314 0
2315 0
2316 0
2317 0
2318 0
2319 0
2320 0
2321 0
2322 0
2323 0
2324 0
2325 0
2326 0
2327 0
2328 0
2329 0
2330 0
2331 0
2332 0
2333 0
2334 0
2335 0
2336 0
2337 0
2338 0
2339 0
2340 0
2341 0
2342 0
2343 0
2344 0
2345 0
2346 0
2347 0
2348 0
2349 0
2350 0
2351 0
2352 0
2353 0
2354 0
2355 0
2356 0
2357 0
2358 0
2359 0
2360 0
2361 0
2362 0
2363 0
2364 0
2365 0
2366 0
2367 0
2368 0
2369 0
2370 0
2371 0
2372 0
2373 0
2374 0
2375 0
2376 0
2377 0
2378 0
2379 0
2380 0
2381 0
2382 0
2383 0
2384 0
2385 0
2386 0
2387 0
2388 0
2389 0
2390 0
2391 0
2392 0
2393 0
2394 0
2395 0
2396 0
2397 0
2398 0
2399 0
2400 0
2401 0
2402 0
2403 0
2404 0
2405 0
2406 0
2407 0
2408 0
2409 0
2410 0
2411 0
2412 0
2413 0
2414 0
2415 0
2416 0
2417 0
2418 0
2419 0
2420 0
2421 0
2422 0
2423 0
2424 0
2425 0
2426 0
2427 0
2428 0
2429 0
2430 0
2431 0
2432 0
2433 0
2434 0
2435 0
2436 0
2437 0
2438 0
2439 0
2440 0
2441 0
2442 0
2443 0
2444 0
2445 0
2446 0
2447 0
2448 0
2449 0
2450 0
2451 0
2452 0
2453 0
2454 0
2455 0
2456 0
2457 0
2458 0
2459 0
2460 0
2461 0
2462 0
2463 0
2464 0
2465 0
2466 0
2467 0
2468 0
2469 0
2470 0
2471 0
2472 0
2473 0
2474 0
2475 0
2476 0
2477 0
2478 0
2479 0
2480 0
2481 0
2482 0
2483 0
2484 0
2485 0
2486 0
2487 0
2488 0
2489 0
2490 0
2491 0
2492 0
2493 0
2494 0
2495 0
2496 0
2497 0
2498 0
2499 0
2500 0
2501 0
2502 0
2503 0
2504 0
2505 0
2506 0
2507 0
2508 0
2509 0
2510 0
2511 0
2512 0
2513 0
2514 0
2515 0
2516 0
2517 0
2518 0
2519 0
2520 0
2521 0
2522 0
2523 0
2524 0
2525 0
2526 0
2527 0
2528 0
2529 0
2530 0
2531 0
2532 0
2533 0
2534 0
2535 0
2536 0
2537 0
2538 0
2539 0
2540 0
2541 0
2542 0
2543 0
2544 0
2545 0
2546 0
2547 0
2548 0
2549 0
2550 0
2551 0
2552 0
2553 0
2554 0
2555 0
2556 0
2557 0
2558 0
2559 0
2560 0
2561 0
2562 0
2563 0
2564 0
2565 0
2566 0
2567 0
2568 0
2569 0
2570 0
2571 0
2572 0
2573 0
2574 0
2575 0
2576 0
2577 0
2578 0
2579 0
2580 0
2581 0
2582 0
2583 0
2584 0
2585 0
2586 0
2587 0
2588 0
2589 0
2590 0
2591 0
2592 0
2593 0
2594 0
2595 0
2596 0
2597 0
2598 0
2599 0
2600 0
2601 0
2602 0
2603 0
2604 0
2605 0
2606 0
2607 0
2608 0
2609 0
2610 0
2611 0
2612 0
2613 0
2614 0
2615 0
2616 0
2617 0
2618 0
2619 0
2620 0
2621 0
2622 0
2623 0
2624 0
2625 0
2626 0
2627 0
2628 0
2629 0
2630 0
2631 0
2632 0
2633 0
2634 0
2635 0
2636 0
2637 0
2638 0
2639 0
2640 0
2641 0
2642 0
2643 0
2644 0
2645 0
2646 0
2647 0
2648 0
2649 0
2650 0
2651 0
2652 0
2653 0
2654 0
2655 0
2656 0
2657 0
2658 0
2659 0
2660 0
2661 0
2662 0
2663 0
2664 0
2665 0
2666 0
2667 0
2668 0
2669 0
2670 0
2671 0
2672 0
2673 0
2674 0
2675 0
2676 0
2677 0
2678 0
2679 0
2680 0
2681 0
2682 0
2683 0
2684 0
2685 0
2686 0
2687 0
2688 0
2689 0
2690 0
2691 0
2692 0
2693 0
2694 0
2695 0
2696 0
2697 0
2698 0
2699 0
2700 0
2701 0
2702 0
2703 0
2704 0
2705 0
2706 0
2707 0
2708 0
2709 0
2710 0
2711 0
2712 0
2713 0
2714 0
2715 0
2716 0
2717 0
2718 0
2719 0
2720 0
2721 0
2722 0
2723 0
2724 0
2725 0
2726 0
2727 0
2728 0
2729 0
2730 0
2731 0
2732 0
2733 0
2734 0
2735 0
2736 0
2737 0
2738 0
2739 0
2740 0
2741 0
2742 0
2743 0
2744 0
2745 0
2746 0
2747 0
2748 0
2749 0
2750 0
2751 0
2752 0
2753 1
2754 1
2755 1
2756 1
2757 1
2758 1
2759 1
2760 1
2761 1
2762 1
2763 1
2764 1
2765 1
2766 1
2767 1
2768 1
2769 1
2770 1
2771 1
2772 1
2773 1
2774 1
2775 1
2776 1
2777 1
2778 1
2779 1
2780 1
2781 1
2782 1
2783 1
2784 1
2785 1
2786 1
2787 1
2788 1
2789 1
2790 1
2791 1
2792 1
2793 1
2794 1
2795 1
2796 1
2797 1
2798 1
2799 1
2800 1
2801 1
2802 1
2803 1
2804 1
2805 1
2806 1
2807 1
2808 1
2809 1
2810 1
2811 1
2812 1
2813 1
2814 1
2815 1
2816 1
2817 1
2818 1
2819 1
2820 1
2821 1
2822 1
2823 1
2824 1
2825 1
2826 1
2827 1
2828 1
2829 1
2830 1
2831 1
2832 1
2833 1
2834 1
2835 1
2836 1
2837 1
2838 1
2839 1
2840 1
2841 1
2842 1
2843 1
2844 1
2845 1
2846 1
2847 1
2848 1
2849 1
2850 1
2851 1
2852 1
2853 1
2854 1
2855 1
2856 1
2857 1
2858 1
2859 1
2860 1
2861 1
2862 1
2863 1
2864 1
2865 1
2866 1
2867 1
2868 1
2869 1
2870 1
2871 1
2872 1
2873 1
2874 1
2875 1
2876 1
2877 1
2878 1
2879 1
2880 1
2881 1
2882 1
2883 1
2884 1
2885 1
2886 1
2887 1
2888 1
2889 1
2890 1
2891 1
2892 1
2893 1
2894 1
2895 1
2896 1
2897 1
2898 1
2899 1
2900 1
2901 1
2902 1
2903 1
2904 1
2905 1
2906 1
2907 1
2908 1
2909 1
2910 1
2911 1
2912 1
2913 1
2914 1
2915 1
2916 1
2917 1
2918 1
2919 1
2920 1
2921 1
2922 1
2923 1
2924 1
2925 1
2926 1
2927 1
2928 1
2929 1
2930 1
2931 1
2932 1
2933 1
2934 1
2935 1
2936 1
2937 1
2938 1
2939 1
2940 1
2941 1
2942 1
2943 1
2944 1
2945 1
2946 1
2947 1
2948 1
2949 1
2950 1
2951 1
2952 1
2953 1
2954 1
2955 1
2956 1
2957 1
2958 1
2959 1
2960 1
2961 1
2962 1
2963 1
2964 1
2965 1
2966 1
2967 1
2968 1
2969 1
2970 1
2971 1
2972 1
2973 1
2974 1
2975 1
2976 1
2977 1
2978 1
2979 1
2980 1
2981 1
2982 1
2983 1
2984 1
2985 1
2986 1
2987 1
2988 1
2989 1
2990 1
2991 1
2992 1
2993 1
2994 1
2995 1
2996 1
2997 1
2998 1
2999 1
3000 1
3001 1
3002 1
3003 1
3004 1
3005 1
3006 1
3007 1
3008 1
3009 1
3010 1
3011 1
3012 1
3013 1
3014 1
3015 1
3016 1
3017 1
3018 1
3019 1
3020 1
3021 1
3022 1
3023 1
3024 1
3025 1
3026 1
3027 1
3028 1
3029 1
3030 1
3031 1
3032 1
3033 1
3034 1
3035 1
3036 1
3037 1
3038 1
3039 1
3040 1
3041 1
3042 1
3043 1
3044 1
3045 1
3046 1
3047 1
3048 1
3049 1
3050 1
3051 1
3052 1
3053 1
3054 1
3055 1
3056 1
3057 1
3058 1
3059 1
3060 1
3061 1
3062 1
3063 1
3064 1
3065 1
3066 1
3067 1
3068 1
3069 1
3070 1
3071 1
3072 1
3073 1
3074 1
3075 1
3076 1
3077 1
3078 1
3079 1
3080 1
3081 1
3082 1
3083 1
3084 1
3085 1
3086 1
3087 2
3088 2
3089 2
3090 2
3091 2
3092 2
3093 2
3094 2
3095 2
3096 2
3097 2
3098 2
3099 2
3100 2
3101 2
3102 2
3103 2
3104 2
3105 2
3106 2
3107 2
3108 2
3109 3
3110 3
3111 3
3112 3
3113 3
3114 3
3115 3
3116 3
3117 3
3118 3
3119 3
3120 3
3121 3
3122 3
3123 3
3124 3
3125 3
3126 3
3127 3
3128 3
3129 3
3130 3
3131 3
3132 3
3133 3
3134 3
3135 3
3136 3
3137 3
3138 3
3139 3
3140 3
3141 3
3142 3
3143 3
3144 3
3145 3
3146 3
3147 3
3148 3
3149 3
3150 3
3151 3
3152 3
3153 3
3154 3
3155 3
3156 3
3157 3
3158 3
3159 3
3160 3
3161 3
3162 3
3163 3
3164 3
3165 3
3166 3
3167 3
3168 3
3169 3
3170 3
3171 3
3172 3
3173 3
3174 3
3175 3
3176 3
3177 3
3178 3
3179 3
3180 3
3181 3
3182 3
3183 3
3184 3
3185 3
3186 3
3187 3
3188 3
3189 3
3190 3
3191 3
3192 3
3193 3
3194 3
3195 3
3196 3
3197 3
3198 3
3199 3
3200 3
3201 3
3202 3
3203 3
3204 3
3205 3
3206 3
3207 3
3208 3
3209 3
3210 3
3211 3
3212 3
3213 3
3214 3
3215 3
3216 3
3217 3
3218 3
3219 3
3220 3
3221 3
3222 3
3223 3
3224 3
3225 3
3226 3
3227 3
3228 3
3229 3
3230 3
3231 3
3232 3
3233 3
3234 3
3235 3
3236 3
3237 3
3238 3
3239 3
3240 3
3241 3
3242 3
3243 3
3244 3
3245 3
3246 3
3247 3
3248 3
3249 3
3250 3
3251 3
3252 3
3253 3
3254 3
3255 3
3256 3
3257 3
3258 3
3259 3
3260 3
3261 3
3262 3
3263 3
3264 3
3265 3
3266 3
3267 3
3268 3
3269 3
3270 3
3271 3
3272 3
3273 3
3274 3
3275 3
3276 3
3277 3
3278 3
3279 3
3280 3
3281 3
3282 3
3283 3
3284 3
3285 3
3286 3
3287 3
3288 3
3289 3
3290 3
3291 3
3292 3
3293 3
3294 3
3295 3
3296 3
3297 3
3298 3
3299 3
3300 3
3301 3
3302 3
3303 3
3304 3
3305 3
3306 3
3307 3
3308 3
3309 3
3310 3
3311 3
3312 3
3313 3
3314 3
3315 3
3316 3
3317 3
3318 3
3319 3
3320 3
3321 3
3322 3
3323 3
3324 3
3325 3
3326 3
3327 3
3328 3
3329 3
3330 3
3331 3
3332 3
3333 3
3334 3
3335 3
3336 3
3337 3
3338 3
3339 3
3340 3
3341 3
3342 3
3343 3
3344 3
3345 3
3346 3
3347 3
3348 3
3349 3
3350 3
3351 3
3352 3
3353 3
3354 3
3355 3
3356 3
3357 3
3358 3
3359 3
3360 3
3361 3
3362 3
3363 3
3364 3
3365 3
3366 3
3367 3
3368 3
3369 3
3370 3
3371 3
3372 3
3373 3
3374 3
3375 3
3376 3
3377 3
3378 3
3379 3
3380 3
3381 3
3382 3
3383 3
3384 3
3385 3
3386 3
3387 3
3388 3
3389 3
3390 3
3391 3
3392 3
3393 3
3394 3
3395 3
3396 3
3397 3
3398 3
3399 3
3400 3
3401 3
3402 3
3403 3
3404 3
3405 3
3406 3
3407 3
3408 3
3409 3
3410 3
3411 3
3412 3
3413 3
3414 3
3415 3
3416 3
3417 3
3418 3
3419 3
3420 3
3421 3
3422 3
3423 3
3424 3
3425 3
3426 3
3427 3
3428 3
3429 3
3430 3
3431 3
3432 3
3433 3
3434 3
3435 3
3436 3
3437 3
3438 3
3439 3
3440 3
3441 3
3442 3
3443 3
3444 3
3445 3
3446 3
3447 3
3448 3
3449 3
3450 3
3451 3
3452 3
3453 3
3454 3
3455 3
3456 3
3457 3
3458 3
3459 3
3460 3
3461 3
3462 3
3463 3
3464 3
3465 3
3466 3
3467 3
3468 3
3469 3
3470 3
3471 3
3472 3
3473 3
3474 3
3475 3
3476 3
3477 3
3478 3
3479 3
3480 3
3481 3
3482 3
3483 3
3484 3
3485 3
3486 3
3487 3
3488 3
3489 3
3490 3
3491 3
3492 3
3493 3
3494 3
3495 3
3496 3
3497 3
3498 3
3499 3
3500 3
3501 3
3502 3
3503 3
3504 3
3505 3
3506 3
3507 3
3508 3
3509 3
3510 3
3511 3
3512 3
3513 3
3514 3
3515 3
3516 3
3517 3
3518 3
3519 3
3520 3
3521 3
3522 3
3523 3
3524 3
3525 3
3526 3
3527 3
3528 3
3529 3
3530 3
3531 3
3532 3
3533 3
3534 3
3535 3
3536 3
3537 3
3538 3
3539 3
3540 3
3541 3
3542 3
3543 3
3544 3
3545 3
3546 3
3547 3
3548 3
3549 3
3550 3
3551 3
3552 3
3553 3
3554 3
3555 3
3556 3
3557 3
3558 3
3559 3
3560 3
3561 3
3562 3
3563 3
3564 3
3565 3
3566 3
3567 3
3568 3
3569 3
3570 3
3571 3
3572 3
3573 3
3574 3
3575 3
3576 3
3577 3
3578 3
3579 3
3580 3
3581 3
3582 3
3583 3
3584 3
3585 3
3586 3
3587 3
3588 3
3589 3
3590 3
3591 3
3592 3
3593 3
3594 3
3595 3
3596 3
3597 3
3598 3
3599 3
3600 3
3601 3
3602 3
3603 3
3604 3
3605 3
3606 3
3607 3
3608 3
3609 3
3610 3
3611 3
3612 3
3613 3
3614 3
3615 3
3616 3
3617 3
3618 3
3619 3
3620 3
3621 3
3622 3
3623 3
3624 3
3625 3
3626 3
3627 3
3628 3
3629 3
3630 3
3631 3
3632 3
3633 3
3634 3
3635 3
3636 3
3637 3
3638 3
3639 3
3640 3
3641 3
3642 3
3643 3
3644 3
3645 3
3646 3
3647 3
3648 3
3649 3
3650 3
3651 3
3652 3
3653 3
3654 3
3655 3
3656 3
3657 3
3658 3
3659 3
3660 3
3661 3
3662 3
3663 3
3664 3
3665 3
3666 3
3667 3
3668 3
3669 3
3670 3
3671 3
3672 3
3673 3
3674 3
3675 3
3676 3
3677 3
3678 3
3679 3
3680 3
3681 3
3682 3
3683 3
3684 3
3685 3
3686 3
3687 3
3688 3
3689 3
3690 3
3691 3
3692 3
3693 3
3694 3
3695 3
3696 3
3697 3
3698 3
3699 3
3700 3
3701 3
3702 3
3703 3
3704 3
3705 3
3706 3
3707 3
3708 3
3709 3
3710 3
3711 3
3712 3
3713 3
3714 3
3715 3
3716 3
3717 3
3718 3
3719 3
3720 3
3721 3
3722 3
3723 3
3724 3
3725 3
3726 3
3727 3
3728 3
3729 3
3730 3
3731 3
3732 3
3733 3
3734 3
3735 3
3736 3
3737 3
3738 3
3739 3
3740 3
3741 3
3742 3
3743 3
3744 3
3745 3
3746 3
3747 3
3748 3
3749 3
3750 3
3751 3
3752 3
3753 3
3754 3
3755 3
3756 3
3757 3
3758 3
3759 3
3760 3
3761 3
3762 3
3763 3
3764 3
3765 3
3766 3
3767 3
3768 3
3769 3
3770 3
3771 3
3772 3
3773 3
3774 3
3775 3
3776 3
3777 3
3778 3
3779 3
3780 3
3781 3
3782 3
3783 3
3784 3
3785 3
3786 3
3787 3
3788 3
3789 3
3790 3
3791 3
3792 3
3793 3
3794 3
3795 3
3796 3
3797 3
3798 3
3799 3
3800 3
3801 3
3802 3
3803 3
3804 3
3805 3
3806 3
3807 3
3808 3
3809 3
3810 3
3811 3
3812 3
3813 3
3814 3
3815 3
3816 3
3817 3
3818 3
3819 3
3820 3
3821 3
3822 3
3823 3
3824 3
3825 3
3826 3
3827 3
3828 3
3829 3
3830 3
3831 3
3832 3
3833 3
3834 3
3835 3
3836 3
3837 3
3838 3
3839 3
3840 3
3841 3
3842 3
3843 3
3844 3
3845 3
3846 3
3847 3
3848 3
3849 3
3850 3
3851 3
3852 3
3853 3
3854 3
3855 3
3856 3
3857 3
3858 3
3859 3
3860 3
3861 3
3862 3
3863 3
3864 3
3865 3
3866 3
3867 3
3868 3
3869 3
3870 3
3871 3
3872 3
3873 3
3874 3
3875 3
3876 3
3877 3
3878 3
3879 3
3880 3
3881 3
3882 3
3883 3
3884 3
3885 3
3886 3
3887 3
3888 3
3889 3
3890 3
3891 3
3892 3
3893 3
3894 3
3895 3
3896 3
3897 3
3898 3
3899 3
3900 3
3901 3
3902 3
3903 3
3904 3
3905 3
3906 3
3907 3
3908 3
3909 3
3910 3
3911 3
3912 3
3913 3
3914 3
3915 3
3916 3
3917 3
3918 3
3919 3
3920 3
3921 3
3922 3
3923 3
3924 3
3925 3
3926 3
3927 3
3928 3
3929 3
3930 3
3931 3
3932 3
3933 3
3934 3
3935 3
3936 3
3937 3
3938 3
3939 3
3940 3
3941 3
3942 3
3943 3
3944 3
3945 3
3946 3
3947 3
3948 3
3949 3
3950 3
3951 3
3952 3
3953 3
3954 3
3955 3
3956 3
3957 3
3958 3
3959 3
3960 3
3961 3
3962 3
3963 3
3964 3
3965 3
3966 3
3967 3
3968 3
3969 3
3970 3
3971 3
3972 3
3973 3
3974 3
3975 3
3976 3
3977 3
3978 3
3979 3
3980 3
3981 3
3982 3
3983 3
3984 3
3985 3
3986 3
3987 3
3988 3
3989 3
3990 3
3991 3
3992 3
3993 3
3994 3
3995 3
3996 3
3997 3
3998 3
3999 3
4000 3
4001 3
4002 3
4003 3
4004 3
4005 3
4006 3
4007 3
4008 3
4009 3
4010 3
4011 3
4012 3
4013 3
4014 3
4015 3
4016 3
4017 3
4018 3
4019 3
4020 3
4021 3
4022 3
4023 3
4024 3
4025 3
4026 3
4027 3
4028 3
4029 3
4030 3
4031 3
4032 3
4033 3
4034 3
4035 3
4036 3
4037 3
4038 3
4039 3
4040 3
4041 3
4042 3
4043 3
4044 3
4045 3
4046 3
4047 3
4048 3
4049 3
4050 3
4051 3
4052 3
4053 3
4054 3
4055 3
4056 3
4057 3
4058 3
4059 3
4060 3
4061 3
4062 3
4063 3
4064 3
4065 3
4066 3
4067 3
4068 3
4069 3
4070 3
4071 3
4072 3
4073 3
4074 3
4075 3
4076 3
4077 3
4078 3
4079 3
4080 3
4081 3
4082 3
4083 3
4084 3
4085 3
4086 3
4087 3
4088 3
4089 3
4090 3
4091 3
4092 3
4093 3
4094 3
4095 3
4096 3
4097 3
4098 3
4099 3
4100 3
4101 3
4102 3
4103 3
4104 3
4105 3
4106 3
4107 3
4108 3
4109 3
4110 3
4111 3
4112 3
4113 3
4114 3
4115 3
4116 3
4117 3
4118 3
4119 3
4120 3
4121 3
4122 3
4123 3
4124 3
4125 3
4126 3
4127 3
4128 3
4129 3
4130 3
4131 3
4132 3
4133 3
4134 3
4135 3
4136 3
4137 3
4138 3
4139 3
4140 3
4141 3
4142 3
4143 3
4144 3
4145 3
4146 3
4147 3
4148 3
4149 3
4150 3
4151 3
4152 3
4153 3
4154 3
4155 3
4156 3
4157 3
4158 3
4159 3
4160 3
4161 3
4162 3
4163 3
4164 3
4165 3
4166 3
4167 3
4168 3
4169 3
4170 3
4171 3
4172 3
4173 3
4174 3
4175 3
4176 3
4177 3
4178 3
4179 3
4180 3
4181 3
4182 3
4183 3
4184 3
4185 3
4186 3
4187 3
4188 3
4189 3
4190 3
4191 3
4192 3
4193 3
4194 3
4195 3
4196 3
4197 3
4198 3
4199 3
4200 3
4201 3
4202 3
4203 3
4204 3
4205 3
4206 3
4207 3
4208 3
4209 3
4210 3
4211 3
4212 3
4213 3
4214 3
4215 3
4216 3
4217 3
4218 3
4219 3
4220 3
4221 3
4222 3
4223 3
4224 3
4225 3
4226 3
4227 3
4228 3
4229 3
4230 3
4231 3
4232 3
4233 3
4234 3
4235 3
4236 3
4237 3
4238 3
4239 3
4240 3
4241 3
4242 3
4243 3
4244 3
4245 3
4246 3
4247 3
4248 3
4249 3
4250 3
4251 3
4252 3
4253 3
4254 3
4255 3
4256 3
4257 3
4258 3
4259 3
4260 3
4261 3
4262 3
4263 3
4264 3
4265 3
4266 3
4267 3
4268 3
4269 3
4270 3
4271 3
4272 3
4273 3
4274 3
4275 3
4276 3
4277 3
4278 3
4279 3
4280 3
4281 3
4282 3
4283 3
4284 3
4285 3
4286 3
4287 3
4288 3
4289 3
4290 3
4291 3
4292 3
4293 3
4294 3
4295 3
4296 3
4297 3
4298 3
4299 3
4300 3
4301 3
4302 3
4303 3
4304 3
4305 3
4306 3
4307 3
4308 3
4309 3
4310 3
4311 3
4312 3
4313 3
4314 3
4315 3
4316 3
4317 3
4318 3
4319 3
4320 3
4321 3
4322 3
4323 3
4324 3
4325 3
4326 3
4327 3
4328 3
4329 3
4330 3
4331 3
4332 3
4333 3
4334 3
4335 3
4336 3
4337 3
4338 3
4339 3
4340 3
4341 3
4342 3
4343 3
4344 3
4345 3
4346 3
4347 3
4348 3
4349 3
4350 3
4351 3
4352 3
4353 3
4354 3
4355 3
4356 3
4357 3
4358 3
4359 3
4360 3
4361 3
4362 3
4363 3
4364 3
4365 3
4366 3
4367 3
4368 3
4369 3
4370 3
4371 3
4372 3
4373 3
4374 3
4375 3
4376 3
4377 3
4378 3
4379 3
4380 3
4381 3
4382 3
4383 3
4384 3
4385 3
4386 3
4387 3
4388 3
4389 3
4390 3
4391 3
4392 3
4393 3
4394 3
4395 3
4396 3
4397 3
4398 3
4399 3
4400 3
4401 3
4402 3
4403 3
4404 3
4405 3
4406 3
4407 3
4408 3
4409 3
4410 3
4411 3
4412 3
4413 3
4414 3
4415 3
4416 3
4417 3
4418 3
4419 3
4420 3
4421 3
4422 3
4423 3
4424 3
4425 3
4426 3
4427 3
4428 3
4429 3
4430 3
4431 3
4432 3
4433 3
4434 3
4435 3
4436 3
4437 3
4438 3
4439 3
4440 3
4441 3
4442 3
4443 3
4444 3
4445 3
4446 3
4447 3
4448 3
4449 3
4450 3
4451 3
4452 3
4453 3
4454 3
4455 3
4456 3
4457 3
4458 3
4459 3
4460 3
4461 3
4462 3
4463 3
4464 3
4465 3
4466 3
4467 3
4468 3
4469 3
4470 3
4471 3
4472 3
4473 3
4474 3
4475 3
4476 3
4477 3
4478 3
4479 3
4480 3
4481 3
4482 3
4483 3
4484 3
4485 3
4486 3
4487 3
4488 3
4489 3
4490 3
4491 3
4492 3
4493 3
4494 3
4495 3
4496 3
4497 3
4498 3
4499 3
4500 3
4501 3
4502 3
4503 3
4504 3
4505 3
4506 3
4507 3
4508 3
4509 3
4510 3
4511 3
4512 3
4513 3
4514 3
4515 3
4516 3
4517 3
4518 3
4519 3
4520 3
4521 3
4522 3
4523 3
4524 3
4525 3
4526 3
4527 3
4528 3
4529 3
4530 3
4531 3
4532 3
4533 3
4534 3
4535 3
4536 3
4537 3
4538 3
4539 3
4540 3
4541 3
4542 3
4543 3
4544 3
4545 3
4546 3
4547 3
4548 3
4549 3
4550 3
4551 3
4552 3
4553 3
4554 3
4555 3
4556 3
4557 3
4558 3
4559 3
4560 3
4561 3
4562 3
4563 3
4564 3
4565 3
4566 3
4567 3
4568 3
4569 3
4570 3
4571 3
4572 3
4573 3
4574 3
4575 3
4576 3
4577 3
4578 3
4579 3
4580 3
4581 3
4582 3
4583 3
4584 3
4585 3
4586 3
4587 3
4588 3
4589 3
4590 3
4591 3
4592 3
4593 3
4594 3
4595 3
4596 3
4597 3
4598 3
4599 3
4600 3
4601 3
4602 3
4603 3
4604 3
4605 3
4606 3
4607 3
4608 3
4609 3
4610 3
4611 3
4612 3
4613 3
4614 3
4615 3
4616 3
4617 3
4618 3
4619 3
4620 3
4621 3
4622 3
4623 3
4624 3
4625 3
4626 3
4627 3
4628 3
4629 3
4630 3
4631 3
4632 3
4633 3
4634 3
4635 3
4636 3
4637 3
4638 3
4639 3
4640 3
4641 3
4642 3
4643 3
4644 3
4645 3
4646 3
4647 3
4648 3
4649 3
4650 3
4651 3
4652 3
4653 3
4654 3
4655 3
4656 3
4657 3
4658 3
4659 3
4660 3
4661 3
4662 3
4663 3
4664 3
4665 3
4666 3
4667 3
4668 3
4669 3
4670 3
4671 3
4672 3
4673 3
4674 3
4675 3
4676 3
4677 3
4678 3
4679 3
4680 3
4681 3
4682 3
4683 3
4684 3
4685 3
4686 3
4687 3
4688 3
4689 3
4690 3
4691 3
4692 3
4693 3
4694 3
4695 3
4696 3
4697 3
4698 3
4699 3
4700 3
4701 3
4702 3
4703 3
4704 3
4705 3
4706 3
4707 3
4708 3
4709 3
4710 3
4711 3
4712 3
4713 3
4714 3
4715 3
4716 3
4717 3
4718 3
4719 3
4720 3
4721 3
4722 3
4723 3
4724 3
4725 3
4726 3
4727 3
4728 3
4729 3
4730 3
4731 3
4732 3
4733 3
4734 3
4735 3
4736 3
4737 3
4738 3
4739 3
4740 3
4741 3
4742 3
4743 3
4744 3
4745 3
4746 3
4747 3
4748 3
4749 3
4750 3
4751 3
4752 3
4753 3
4754 3
4755 3
4756 3
4757 3
4758 3
4759 3
4760 3
4761 3
4762 3
4763 3
4764 3
4765 3
4766 3
4767 3
4768 3
4769 3
4770 3
4771 3
4772 3
4773 3
4774 3
4775 3
4776 3
4777 3
4778 3
4779 3
4780 3
4781 3
4782 3
4783 3
4784 3
4785 3
4786 3
4787 3
4788 3
4789 3
4790 3
4791 3
4792 3
4793 3
4794 3
4795 3
4796 3
4797 3
4798 3
4799 3
4800 3
4801 3
4802 3
4803 3
4804 3
4805 3
4806 3
4807 3
4808 3
4809 3
4810 3
4811 3
4812 3
4813 3
4814 3
4815 3
4816 3
4817 3
4818 3
4819 3
4820 3
4821 3
4822 3
4823 3
4824 3
4825 3
4826 3
4827 3
4828 3
4829 3
4830 3
4831 3
4832 3
4833 3
4834 3
4835 3
4836 3
4837 3
4838 3
4839 3
4840 3
4841 3
4842 3
4843 3
4844 3
4845 3
4846 3
4847 3
4848 3
4849 3
4850 3
4851 3
4852 3
4853 3
4854 3
4855 3
4856 3
4857 3
4858 3
4859 3
4860 3
4861 3
4862 3
4863 3
4864 3
4865 3
4866 3
4867 3
4868 3
4869 3
4870 3
4871 3
4872 3
4873 3
4874 3
4875 3
4876 3
4877 3
4878 3
4879 3
4880 3
4881 3
4882 3
4883 3
4884 3
4885 3
4886 3
4887 3
4888 3
4889 3
4890 3
4891 3
4892 3
4893 3
4894 3
4895 3
4896 3
4897 3
4898 3
4899 3
4900 3
4901 3
4902 3
4903 3
4904 3
4905 3
4906 3
4907 3
4908 3
4909 3
4910 3
4911 3
4912 3
4913 3
4914 3
4915 3
4916 3
4917 3
4918 3
4919 3
4920 3
4921 3
4922 3
4923 3
4924 3
4925 3
4926 3
4927 3
4928 3
4929 3
4930 3
4931 3
4932 3
4933 3
4934 3
4935 3
4936 3
4937 3
4938 3
4939 3
4940 3
4941 3
4942 3
4943 3
4944 3
4945 3
4946 3
4947 3
4948 3
4949 3
4950 3
4951 3
4952 3
4953 3
4954 3
4955 3
4956 3
4957 3
4958 3
4959 3
4960 3
4961 3
4962 3
4963 3
4964 3
4965 3
4966 3
4967 3
4968 3
4969 3
4970 3
4971 3
4972 3
4973 3
4974 3
4975 3
4976 3
4977 3
4978 3
4979 3
4980 3
4981 3
4982 3
4983 3
4984 3
4985 3
4986 3
4987 3
4988 3
4989 3
4990 3
4991 3
4992 3
4993 3
4994 3
4995 3
4996 3
4997 3
4998 3
4999 3
5000 3
5001 3
5002 3
5003 3
5004 3
5005 3
5006 3
5007 3
5008 3
5009 3
5010 3
5011 3
5012 3
5013 3
5014 3
5015 3
5016 3
5017 3
5018 3
5019 3
5020 3
5021 3
5022 3
5023 3
5024 3
5025 3
5026 3
5027 3
5028 3
5029 3
5030 3
5031 3
5032 3
5033 3
5034 3
5035 3
5036 3
5037 3
5038 3
5039 3
5040 3
5041 3
5042 3
5043 3
5044 3
5045 3
5046 3
5047 3
5048 3
5049 3
5050 3
5051 3
5052 3
5053 3
5054 3
5055 3
5056 3
5057 3
5058 3
5059 3
5060 3
5061 3
5062 3
5063 3
5064 3
5065 3
5066 3
5067 3
5068 3
5069 3
5070 3
5071 3
5072 3
5073 3
5074 3
5075 3
5076 3
5077 3
5078 3
5079 3
5080 3
5081 3
5082 3
5083 3
5084 3
5085 3
5086 3
5087 3
5088 3
5089 3
5090 3
5091 3
5092 3
5093 3
5094 3
5095 3
5096 3
5097 3
5098 3
5099 3
5100 3
5101 3
5102 3
5103 3
5104 3
5105 3
5106 3
5107 3
5108 3
5109 3
5110 3
5111 3
5112 3
5113 3
5114 3
5115 3
5116 3
5117 3
5118 3
5119 3
5120 3
5121 3
5122 3
5123 3
5124 3
5125 3
5126 3
5127 3
5128 3
5129 3
5130 3
5131 3
5132 3
5133 3
5134 3
5135 3
5136 3
5137 3
5138 3
5139 3
5140 3
5141 3
5142 3
5143 3
5144 3
5145 3
5146 3
5147 3
5148 3
5149 3
5150 3
5151 3
5152 3
5153 3
5154 3
5155 3
5156 3
5157 3
5158 3
5159 3
5160 3
5161 3
5162 3
5163 3
5164 3
5165 3
5166 3
5167 3
5168 3
5169 3
5170 3
5171 3
5172 3
5173 3
5174 3
5175 3
5176 3
5177 3
5178 3
5179 3
5180 3
5181 3
5182 3
5183 3
5184 3
5185 3
5186 3
5187 3
5188 3
5189 3
5190 3
5191 3
5192 3
5193 3
5194 3
5195 3
5196 3
5197 3
5198 3
5199 3
5200 3
5201 3
5202 3
5203 3
5204 3
5205 3
5206 3
5207 3
5208 3
5209 3
5210 3
5211 3
5212 3
5213 3
5214 3
5215 3
5216 3
5217 3
5218 3
5219 3
5220 3
5221 3
5222 3
5223 3
5224 3
5225 3
5226 3
5227 3
5228 3
5229 3
5230 3
5231 3
5232 3
5233 3
5234 3
5235 3
5236 3
5237 3
5238 3
5239 3
5240 3
5241 3
5242 3
5243 3
5244 3
5245 3
5246 3
5247 3
5248 3
5249 3
5250 3
5251 3
5252 3
5253 3
5254 3
5255 3
5256 3
5257 3
5258 3
5259 3
5260 3
5261 3
5262 3
5263 3
5264 3
5265 3
5266 3
5267 3
5268 3
5269 3
5270 3
5271 3
5272 3
5273 3
5274 3
5275 3
5276 3
5277 3
5278 3
5279 3
5280 3
5281 3
5282 3
5283 3
5284 3
5285 3
5286 3
5287 3
5288 3
5289 3
5290 3
5291 3
5292 3
5293 3
5294 3
5295 3
5296 3
5297 3
5298 3
5299 3
5300 3
5301 3
5302 3
5303 3
5304 3
5305 3
5306 3
5307 3
5308 3
5309 3
5310 3
5311 3
5312 3
5313 3
5314 3
5315 3
5316 3
5317 3
5318 3
5319 3
5320 3
5321 3
5322 3
5323 3
5324 3
5325 3
5326 3
5327 3
5328 3
5329 3
5330 3
5331 3
5332 3
5333 3
5334 3
5335 3
5336 3
5337 3
5338 3
5339 3
5340 3
5341 3
5342 3
5343 3
5344 3
5345 3
5346 3
5347 3
5348 3
5349 3
5350 3
5351 3
5352 3
5353 3
5354 3
5355 3
5356 3
5357 3
5358 3
5359 3
5360 3
5361 3
5362 3
5363 3
5364 3
5365 3
5366 3
5367 3
5368 3
5369 3
5370 3
5371 3
5372 3
5373 3
5374 3
5375 3
5376 3
5377 3
5378 3
5379 3
5380 3
5381 3
5382 3
5383 3
5384 3
5385 3
5386 3
5387 3
5388 3
5389 3
5390 3
5391 3
5392 3
5393 3
5394 3
5395 3
5396 3
5397 3
5398 3
5399 3
5400 3
5401 3
5402 3
5403 3
5404 3
5405 3
5406 3
5407 3
5408 3
5409 3
5410 3
5411 3
5412 3
5413 3
5414 3
5415 3
5416 3
5417 3
5418 3
5419 3
5420 3
5421 3
5422 3
5423 3
5424 3
5425 3
5426 3
5427 3
5428 3
5429 3
5430 3
5431 3
5432 3
5433 3
5434 3
5435 3
5436 3
5437 3
5438 3
5439 3
5440 3
5441 3
5442 3
5443 3
5444 3
5445 3
5446 3
5447 3
5448 3
5449 3
5450 3
5451 3
5452 3
5453 3
5454 3
5455 3
5456 3
5457 3
5458 3
5459 3
5460 3
5461 3
5462 3
5463 3
5464 3
5465 3
5466 3
5467 3
5468 3
5469 3
5470 3
5471 3
5472 3
5473 3
5474 3
5475 3
5476 3
5477 3
5478 3
5479 3
5480 3
5481 3
5482 3
5483 3
5484 3
5485 3
5486 3
5487 3
5488 3
5489 3
5490 3
5491 3
5492 3
5493 3
5494 3
5495 3
5496 3
5497 3
5498 3
5499 3
5500 3
5501 3
5502 3
5503 3
5504 3
5505 3
5506 3
5507 3
5508 3
5509 3
5510 3
5511 3
5512 3
5513 3
5514 3
5515 3
5516 3
5517 3
5518 3
5519 3
5520 3
5521 3
5522 3
5523 3
5524 3
5525 3
5526 3
5527 3
5528 3
5529 3
5530 3
5531 3
5532 3
5533 3
5534 3
5535 3
5536 3
5537 3
5538 3
5539 3
5540 3
5541 3
5542 3
5543 3
5544 3
5545 3
5546 3
5547 3
5548 3
5549 3
5550 3
5551 3
5552 3
5553 3
5554 3
5555 3
5556 3
5557 3
5558 3
5559 3
5560 3
5561 3
5562 3
5563 3
5564 3
5565 3
5566 3
5567 3
5568 3
5569 3
5570 3
5571 3
5572 3
5573 3
5574 3
5575 3
5576 3
5577 3
5578 3
5579 3
5580 3
5581 3
5582 3
5583 3
5584 3
5585 3
5586 3
5587 3
5588 3
5589 3
5590 3
5591 3
5592 3
5593 3
5594 3
5595 3
5596 3
5597 3
5598 3
5599 3
5600 3
5601 3
5602 3
5603 3
5604 3
5605 3
5606 3
5607 3
5608 3
5609 3
5610 3
5611 3
5612 3
5613 3
5614 3
5615 3
5616 3
5617 3
5618 3
5619 3
5620 3
5621 3
5622 3
5623 3
5624 3
5625 3
5626 3
5627 3
5628 3
5629 3
5630 3
5631 3
5632 3
5633 3
5634 3
5635 3
5636 3
5637 3
5638 3
5639 3
5640 3
5641 3
5642 3
5643 3
5644 3
5645 3
5646 3
5647 3
5648 3
5649 3
5650 3
5651 3
5652 3
5653 3
5654 3
5655 3
5656 3
5657 3
5658 3
5659 3
5660 3
5661 3
5662 3
5663 3
5664 3
5665 3
5666 3
5667 3
5668 3
5669 3
5670 3
5671 3
5672 3
5673 3
5674 3
5675 3
5676 3
5677 3
5678 3
5679 3
5680 3
5681 3
5682 3
5683 3
5684 3
5685 3
5686 3
5687 3
5688 3
5689 3
5690 3
5691 3
5692 3
5693 3
5694 3
5695 3
5696 3
5697 3
5698 3
5699 3
5700 3
5701 3
5702 3
5703 3
5704 3
5705 3
5706 3
5707 3
5708 3
5709 3
5710 3
5711 3
5712 3
5713 3
5714 3
5715 3
5716 3
5717 3
5718 3
5719 3
5720 3
5721 3
5722 3
5723 3
5724 3
5725 3
5726 3
5727 3
5728 3
5729 3
5730 3
5731 3
5732 3
5733 3
5734 3
5735 3
5736 3
5737 3
5738 3
5739 3
5740 3
5741 3
5742 3
5743 3
5744 3
5745 3
5746 3
5747 3
5748 3
5749 3
5750 3
5751 3
5752 3
5753 3
5754 3
5755 3
5756 3
5757 3
5758 3
5759 3
5760 3
5761 3
5762 3
5763 3
5764 3
5765 3
5766 3
5767 3
5768 3
5769 3
5770 3
5771 3
5772 3
5773 3
5774 3
5775 3
5776 3
5777 3
5778 3
5779 3
5780 3
5781 3
5782 3
5783 3
5784 3
5785 3
5786 3
5787 3
5788 3
5789 3
5790 3
5791 3
5792 3
5793 3
5794 3
5795 3
5796 3
5797 3
5798 3
5799 3
5800 3
5801 3
5802 3
5803 3
5804 3
5805 3
5806 3
5807 3
5808 3
5809 3
5810 3
5811 3
5812 3
5813 3
5814 3
5815 3
5816 3
5817 3
5818 3
5819 3
5820 3
5821 3
5822 3
5823 3
5824 3
5825 3
5826 3
5827 3
5828 3
5829 3
5830 3
5831 3
5832 3
5833 3
5834 3
5835 3
5836 3
5837 3
5838 3
5839 3
5840 3
5841 3
5842 3
5843 3
5844 3
5845 3
5846 3
5847 3
5848 3
5849 3
5850 3
5851 3
5852 3
5853 3
5854 3
5855 3
5856 3
5857 3
5858 3
5859 3
5860 3
5861 3
5862 3
5863 3
5864 3
5865 3
5866 3
5867 3
5868 3
5869 3
5870 3
5871 3
5872 3
5873 3
5874 3
5875 3
5876 3
5877 3
5878 3
5879 3
5880 3
5881 3
5882 3
5883 3
5884 3
5885 3
5886 3
5887 3
5888 3
5889 3
5890 3
5891 3
5892 3
5893 3
5894 3
5895 3
5896 3
5897 3
5898 3
5899 3
5900 3
5901 3
5902 3
5903 3
5904 3
5905 3
5906 3
5907 3
5908 3
5909 3
5910 3
5911 3
5912 3
5913 3
5914 3
5915 3
5916 3
5917 3
5918 3
5919 3
5920 3
5921 3
5922 3
5923 3
5924 3
5925 3
5926 3
5927 3
5928 3
5929 3
5930 3
5931 3
5932 3
5933 3
5934 3
5935 3
5936 3
5937 3
5938 3
5939 3
5940 3
5941 3
5942 3
5943 3
5944 3
5945 3
5946 3
5947 3
5948 3
5949 3
5950 3
5951 3
5952 3
5953 3
5954 3
5955 3
5956 3
5957 3
5958 3
5959 3
5960 3
5961 3
5962 3
5963 3
5964 3
5965 3
5966 3
5967 3
5968 3
5969 3
5970 3
5971 3
5972 3
5973 3
5974 3
5975 3
5976 3
5977 3
5978 3
5979 3
5980 3
5981 3
5982 3
5983 3
5984 3
5985 3
5986 3
5987 3
5988 3
5989 3
5990 3
5991 3
5992 3
5993 3
5994 3
5995 3
5996 3
5997 3
5998 3
5999 3
6000 3
6001 3
6002 3
6003 3
6004 3
6005 3
6006 3
6007 3
6008 3
6009 3
6010 3
6011 3
6012 3
6013 3
6014 3
6015 3
6016 3
6017 3
6018 3
6019 3
6020 3
6021 3
6022 3
6023 3
6024 3
6025 3
6026 3
6027 3
6028 3
6029 3
6030 3
6031 3
6032 3
6033 3
6034 3
6035 3
6036 3
6037 3
6038 3
6039 3
6040 3
6041 3
6042 3
6043 3
6044 3
6045 3
6046 3
6047 3
6048 3
6049 3
6050 3
6051 3
6052 3
6053 3
6054 3
6055 3
6056 3
6057 3
6058 3
6059 3
6060 3
6061 3
6062 3
6063 3
6064 3
6065 3
6066 3
6067 3
6068 3
6069 3
6070 3
6071 3
6072 3
6073 3
6074 3
6075 3
6076 3
6077 3
6078 3
6079 3
6080 3
6081 3
6082 3
6083 3
6084 3
6085 3
6086 3
6087 3
6088 3
6089 3
6090 3
6091 3
6092 3
6093 3
6094 3
6095 3
6096 3
6097 3
6098 3
6099 3
6100 3
6101 3
6102 3
6103 3
6104 3
6105 3
6106 3
6107 3
6108 3
6109 3
6110 3
6111 3
6112 3
6113 3
6114 3
6115 3
6116 3
6117 3
6118 3
6119 3
6120 3
6121 3
6122 3
6123 3
6124 3
6125 3
6126 3
6127 3
6128 3
6129 3
6130 3
6131 3
6132 3
6133 3
6134 3
6135 3
6136 3
6137 3
6138 3
6139 3
6140 3
6141 3
6142 3
6143 3
6144 3
6145 3
6146 3
6147 3
6148 3
6149 3
6150 3
6151 3
6152 3
6153 3
6154 3
6155 3
6156 3
6157 3
6158 3
6159 3
6160 3
6161 3
6162 3
6163 3
6164 3
6165 3
6166 3
6167 3
6168 3
6169 3
6170 3
6171 3
6172 3
6173 3
6174 3
6175 3
6176 3
6177 3
6178 3
6179 3
6180 3
6181 3
6182 3
6183 3
6184 3
6185 3
6186 3
6187 3
6188 3
6189 3
6190 3
6191 3
6192 3
6193 3
6194 3
6195 3
6196 3
6197 3
6198 3
6199 3
6200 3
6201 3
6202 3
6203 3
6204 3
6205 3
6206 3
6207 3
6208 3
6209 3
6210 3
6211 3
6212 3
6213 3
6214 3
6215 3
6216 3
6217 3
6218 3
6219 3
6220 3
6221 3
6222 3
6223 3
6224 3
6225 3
6226 3
6227 3
6228 3
6229 3
6230 3
6231 3
6232 3
6233 3
6234 3
6235 3
6236 3
6237 3
6238 3
6239 3
6240 3
6241 3
6242 3
6243 3
6244 3
6245 3
6246 3
6247 3
6248 3
6249 3
6250 3
6251 3
6252 3
6253 3
6254 3
6255 3
6256 3
6257 3
6258 3
6259 3
6260 3
6261 3
6262 3
6263 3
6264 3
6265 3
6266 3
6267 3
6268 3
6269 3
6270 3
6271 3
6272 3
6273 3
6274 3
6275 3
6276 3
6277 3
6278 3
6279 3
6280 3
6281 3
6282 3
6283 3
6284 3
6285 3
6286 3
6287 3
6288 3
6289 3
6290 3
6291 3
6292 3
6293 3
6294 3
6295 3
6296 3
6297 3
6298 3
6299 3
6300 3
6301 3
6302 3
6303 3
6304 3
6305 3
6306 3
6307 3
6308 3
6309 3
6310 3
6311 3
6312 3
6313 3
6314 3
6315 3
6316 3
6317 3
6318 3
6319 3
6320 3
6321 3
6322 3
6323 3
6324 3
6325 3
6326 3
6327 3
6328 3
6329 3
6330 3
6331 3
6332 3
6333 3
6334 3
6335 3
6336 3
6337 3
6338 3
6339 3
6340 3
6341 3
6342 3
6343 3
6344 3
6345 3
6346 3
6347 3
6348 3
6349 3
6350 3
6351 3
6352 3
6353 3
6354 3
6355 3
6356 3
6357 3
6358 3
6359 3
6360 3
6361 3
6362 3
6363 3
6364 3
6365 3
6366 3
6367 3
6368 3
6369 3
6370 3
6371 3
6372 3
6373 3
6374 3
6375 3
6376 3
6377 3
6378 3
6379 3
6380 3
6381 3
6382 3
6383 3
6384 3
6385 3
6386 3
6387 3
6388 3
6389 3
6390 3
6391 3
6392 3
6393 3
6394 3
6395 3
6396 3
6397 3
6398 3
6399 3
6400 3
6401 3
6402 3
6403 3
6404 3
6405 3
6406 3
6407 3
6408 3
6409 3
6410 3
6411 3
6412 3
6413 3
6414 3
6415 3
6416 3
6417 3
6418 3
6419 3
6420 3
6421 3
6422 3
6423 3
6424 3
6425 3
6426 3
6427 3
6428 3
6429 3
6430 3
6431 3
6432 3
6433 3
6434 3
6435 3
6436 3
6437 3
6438 3
6439 3
6440 3
6441 3
6442 3
6443 3
6444 3
6445 3
6446 3
6447 3
6448 3
6449 3
6450 3
6451 3
6452 3
6453 3
6454 3
6455 3
6456 3
6457 3
6458 3
6459 3
6460 3
6461 3
6462 3
6463 3
6464 3
6465 3
6466 3
6467 3
6468 3
6469 3
6470 3
6471 3
6472 3
6473 3
6474 3
6475 3
6476 3
6477 3
6478 3
6479 3
6480 3
6481 3
6482 3
6483 3
6484 3
6485 3
6486 3
6487 3
6488 3
6489 3
6490 3
6491 3
6492 3
6493 3
6494 3
6495 3
6496 3
6497 3
6498 3
6499 3
6500 3
6501 3
6502 3
6503 3
6504 3
6505 3
6506 3
6507 3
6508 3
6509 3
6510 3
6511 3
6512 3
6513 3
6514 3
6515 3
6516 3
6517 3
6518 3
6519 3
6520 3
6521 3
6522 3
6523 3
6524 3
6525 3
6526 3
6527 3
6528 3
6529 3
6530 3
6531 3
6532 3
6533 3
6534 3
6535 3
6536 3
6537 3
6538 3
6539 3
6540 3
6541 3
6542 3
6543 3
6544 3
6545 3
6546 3
6547 3
6548 3
6549 3
6550 3
6551 3
6552 3
6553 3
6554 3
6555 3
6556 3
6557 3
6558 3
6559 3
6560 3
6561 3
6562 3
6563 3
6564 3
6565 3
6566 3
6567 3
6568 3
6569 3
6570 3
6571 3
6572 3
6573 3
6574 3
6575 3
6576 3
6577 3
6578 3
6579 3
6580 3
6581 3
6582 3
6583 3
6584 3
6585 3
6586 3
6587 3
6588 3
6589 3
6590 3
6591 3
6592 3
6593 3
6594 3
6595 3
6596 3
6597 3
6598 3
6599 3
6600 3
6601 3
6602 3
6603 3
6604 3
6605 3
6606 3
6607 3
6608 3
6609 3
6610 3
6611 3
6612 3
6613 3
6614 3
6615 3
6616 3
6617 3
6618 3
6619 3
6620 3
6621 3
6622 3
6623 3
6624 3
6625 3
6626 3
6627 3
6628 3
6629 3
6630 3
6631 3
6632 3
6633 3
6634 3
6635 3
6636 3
6637 3
6638 3
6639 3
6640 3
6641 3
6642 3
6643 3
6644 3
6645 3
6646 3
6647 3
6648 3
6649 3
6650 3
6651 3
6652 3
6653 3
6654 3
6655 3
6656 3
6657 3
6658 3
6659 3
6660 3
6661 3
6662 3
6663 3
6664 3
6665 3
6666 3
6667 3
6668 3
6669 3
6670 3
6671 3
6672 3
6673 3
6674 3
6675 3
6676 3
6677 3
6678 3
6679 3
6680 3
6681 3
6682 3
6683 3
6684 3
6685 3
6686 3
6687 3
6688 3
6689 3
6690 3
6691 3
6692 3
6693 3
6694 3
6695 3
6696 3
6697 3
6698 3
6699 3
6700 3
6701 3
6702 3
6703 3
6704 3
6705 3
6706 3
6707 3
6708 3
6709 3
6710 3
6711 3
6712 3
6713 3
6714 3
6715 3
6716 3
6717 3
6718 3
6719 3
6720 3
6721 3
6722 3
6723 3
6724 3
6725 3
6726 3
6727 3
6728 3
6729 3
6730 3
6731 3
6732 3
6733 3
6734 3
6735 3
6736 3
6737 3
6738 3
6739 3
6740 3
6741 3
6742 3
6743 3
6744 3
6745 3
6746 3
6747 3
6748 3
6749 3
6750 3
6751 3
6752 3
6753 3
6754 3
6755 3
6756 3
6757 3
6758 3
6759 3
6760 3
6761 3
6762 3
6763 3
6764 3
6765 3
6766 3
6767 3
6768 3
6769 3
6770 3
6771 3
6772 3
6773 3
6774 3
6775 3
6776 3
6777 3
6778 3
6779 3
6780 3
6781 3
6782 3
6783 3
6784 3
6785 3
6786 3
6787 3
6788 3
6789 3
6790 3
6791 3
6792 3
6793 3
6794 3
6795 3
6796 3
6797 3
6798 3
6799 3
6800 3
6801 3
6802 3
6803 3
6804 3
6805 3
6806 3
6807 3
6808 3
6809 3
6810 3
6811 3
6812 3
6813 3
6814 3
6815 3
6816 3
6817 3
6818 3
6819 3
6820 3
6821 3
6822 3
6823 3
6824 3
6825 3
6826 3
6827 3
6828 3
6829 3
6830 3
6831 3
6832 3
6833 3
6834 3
6835 3
6836 3
6837 3
6838 3
6839 3
6840 3
6841 3
6842 3
6843 3
6844 3
6845 3
6846 3
6847 3
6848 3
6849 3
6850 3
6851 3
6852 3
6853 3
6854 3
6855 3
6856 3
6857 3
6858 3
6859 3
6860 3
6861 3
6862 3
6863 3
6864 3
6865 3
6866 3
6867 3
6868 3
6869 3
6870 3
6871 3
6872 3
6873 3
6874 3
6875 3
6876 3
6877 3
6878 3
6879 3
6880 3
6881 3
6882 3
6883 3
6884 3
6885 3
6886 3
6887 3
6888 3
6889 3
6890 3
6891 3
6892 3
6893 3
6894 3
6895 3
6896 3
6897 3
6898 3
6899 3
6900 3
6901 3
6902 3
6903 3
6904 3
6905 3
6906 3
6907 3
6908 3
6909 3
6910 3
6911 3
6912 3
6913 3
6914 3
6915 3
6916 3
6917 3
6918 3
6919 3
6920 3
6921 3
6922 3
6923 3
6924 3
6925 3
6926 3
6927 3
6928 3
6929 3
6930 3
6931 3
6932 3
6933 3
6934 3
6935 3
6936 3
6937 3
6938 3
6939 3
6940 3
6941 3
6942 3
6943 3
6944 3
6945 3
6946 3
6947 3
6948 3
6949 3
6950 3
6951 3
6952 3
6953 3
6954 3
6955 3
6956 3
6957 3
6958 3
6959 3
6960 3
6961 3
6962 3
6963 3
6964 3
6965 3
6966 4
6967 4
6968 4
6969 4
6970 4
6971 4
6972 4
6973 4
6974 4
6975 4
6976 4
6977 4
6978 4
6979 4
6980 4
6981 4
6982 4
6983 4
6984 4
6985 4
6986 4
6987 4
6988 4
6989 4
6990 4
6991 4
6992 4
6993 4
6994 4
6995 4
6996 4
6997 4
6998 4
6999 4
7000 4
7001 4
7002 4
7003 4
7004 4
7005 4
7006 4
7007 4
7008 4
7009 4
7010 4
7011 4
7012 4
7013 4
7014 4
7015 4
7016 4
7017 4
7018 4
7019 4
7020 4
7021 4
7022 4
7023 4
7024 4
7025 4
7026 4
7027 4
7028 4
7029 4
7030 4
7031 4
7032 4
7033 4
7034 4
7035 4
7036 4
7037 4
7038 4
7039 4
7040 4
7041 4
7042 4
7043 4
7044 4
7045 4
7046 4
7047 4
7048 4
7049 4
7050 4
7051 4
7052 4
7053 4
7054 4
7055 4
7056 4
7057 4
7058 4
7059 4
7060 4
7061 4
7062 4
7063 4
7064 4
7065 4
7066 4
7067 4
7068 4
7069 4
7070 4
7071 4
7072 4
7073 4
7074 4
7075 4
7076 4
7077 4
7078 4
7079 4
7080 4
7081 4
7082 4
7083 4
7084 4
7085 4
7086 4
7087 4
7088 4
7089 4
7090 4
7091 4
7092 4
7093 4
7094 4
7095 4
7096 4
7097 4
7098 4
7099 4
7100 4
7101 4
7102 4
7103 4
7104 4
7105 4
7106 4
7107 4
7108 4
7109 4
7110 4
7111 4
7112 4
7113 4
7114 4
7115 4
7116 4
7117 4
7118 4
7119 4
7120 4
7121 4
7122 4
7123 4
7124 4
7125 4
7126 4
7127 4
7128 4
7129 4
7130 4
7131 4
7132 4
7133 4
7134 4
7135 4
7136 4
7137 4
7138 4
7139 4
7140 4
7141 4
7142 4
7143 4
7144 4
7145 4
7146 4
7147 4
7148 4
7149 4
7150 4
7151 4
7152 4
7153 4
7154 4
7155 4
7156 4
7157 4
7158 4
7159 4
7160 4
7161 4
7162 4
7163 4
7164 4
7165 4
7166 4
7167 4
7168 4
7169 4
7170 4
7171 4
7172 4
7173 4
7174 4
7175 4
7176 4
7177 4
7178 4
7179 4
7180 4
7181 4
7182 4
7183 4
7184 4
7185 4
7186 4
7187 4
7188 4
7189 4
7190 4
7191 4
7192 4
7193 4
7194 4
7195 4
7196 4
7197 4
7198 4
7199 4
7200 4
7201 4
7202 4
7203 4
7204 4
7205 4
7206 4
7207 4
7208 4
7209 4
7210 4
7211 4
7212 4
7213 4
7214 4
7215 4
7216 4
7217 4
7218 4
7219 4
7220 4
7221 4
7222 4
7223 4
7224 4
7225 4
7226 4
7227 4
7228 4
7229 4
7230 4
7231 4
7232 4
7233 4
7234 4
7235 4
7236 4
7237 4
7238 4
7239 4
7240 4
7241 4
7242 4
7243 4
7244 4
7245 4
7246 4
7247 4
7248 4
7249 4
7250 4
7251 4
7252 4
7253 4
7254 4
7255 4
7256 4
7257 4
7258 4
7259 4
7260 4
7261 4
7262 4
7263 4
7264 4
7265 4
7266 4
7267 4
7268 4
7269 4
7270 4
7271 4
7272 4
7273 4
7274 4
7275 4
7276 4
7277 4
7278 4
7279 4
7280 4
7281 4
7282 4
7283 4
7284 4
7285 4
7286 4
7287 4
7288 4
7289 4
7290 4
7291 4
7292 4
7293 4
7294 4
7295 4
7296 4
7297 4
7298 4
7299 4
7300 4
7301 4
7302 4
7303 4
7304 4
7305 4
7306 4
7307 4
7308 4
7309 4
7310 4
7311 4
7312 4
7313 4
7314 4
7315 4
7316 4
7317 4
7318 4
7319 4
7320 4
7321 4
7322 4
7323 4
7324 4
7325 4
7326 4
7327 4
7328 4
7329 4
7330 4
7331 4
7332 4
7333 4
7334 4
7335 4
7336 4
7337 4
7338 4
7339 4
7340 4
7341 4
7342 4
7343 4
7344 4
7345 4
7346 4
7347 4
7348 4
7349 4
7350 4
7351 4
7352 4
7353 4
7354 4
7355 4
7356 4
7357 4
7358 4
7359 4
7360 4
7361 4
7362 4
7363 4
7364 4
7365 4
7366 4
7367 4
7368 4
7369 4
7370 4
7371 4
7372 4
7373 4
7374 4
7375 4
7376 4
7377 4
7378 4
7379 4
7380 4
7381 4
7382 4
7383 4
7384 4
7385 4
7386 4
7387 4
7388 4
7389 4
7390 4
7391 4
7392 4
7393 4
7394 4
7395 4
7396 4
7397 4
7398 4
7399 4
7400 4
7401 4
7402 4
7403 4
7404 4
7405 4
7406 4
7407 4
7408 4
7409 4
7410 4
7411 4
7412 4
7413 4
7414 4
7415 4
7416 4
7417 4
7418 4
7419 4
7420 4
7421 4
7422 4
7423 4
7424 4
7425 4
7426 4
7427 4
7428 4
7429 4
7430 4
7431 4
7432 4
7433 4
7434 4
7435 4
7436 4
7437 4
7438 4
7439 4
7440 4
7441 4
7442 4
7443 4
7444 4
7445 4
7446 4
7447 4
7448 4
7449 4
7450 4
7451 4
7452 4
7453 4
7454 4
7455 4
7456 4
7457 4
7458 4
7459 4
7460 4
7461 4
7462 4
7463 4
7464 4
7465 4
7466 4
7467 4
7468 4
7469 4
7470 4
7471 4
7472 4
7473 4
7474 4
7475 4
7476 4
7477 4
7478 4
7479 4
7480 4
7481 4
7482 4
7483 4
7484 4
7485 4
7486 4
7487 4
7488 4
7489 4
7490 4
7491 4
7492 4
7493 4
7494 4
7495 4
7496 4
7497 4
7498 4
7499 4
7500 4
7501 4
7502 4
7503 4
7504 4
7505 4
7506 4
7507 4
7508 4
7509 4
7510 4
7511 4
7512 4
7513 4
7514 4
7515 4
7516 4
7517 4
7518 4
7519 4
7520 4
7521 4
7522 4
7523 4
7524 4
7525 4
7526 4
7527 4
7528 4
7529 4
7530 4
7531 4
7532 4
7533 4
7534 4
7535 4
7536 4
7537 4
7538 4
7539 4
7540 4
7541 4
7542 4
7543 4
7544 4
7545 4
7546 4
7547 4
7548 4
7549 4
7550 4
7551 4
7552 4
7553 4
7554 4
7555 4
7556 4
7557 4
7558 4
7559 4
7560 4
7561 4
7562 4
7563 4
7564 4
7565 4
7566 4
7567 4
7568 4
7569 4
7570 4
7571 4
7572 4
7573 4
7574 4
7575 4
7576 4
7577 4
7578 4
7579 4
7580 4
7581 4
7582 4
7583 4
7584 4
7585 4
7586 4
7587 4
7588 4
7589 4
7590 4
7591 4
7592 4
7593 4
7594 4
7595 4
7596 4
7597 4
7598 4
7599 4
7600 4
7601 4
7602 4
7603 4
7604 4
7605 4
7606 4
7607 4
7608 4
7609 4
7610 4
7611 4
7612 4
7613 4
7614 4
7615 4
7616 4
7617 4
7618 4
7619 4
7620 4
7621 4
7622 4
7623 4
7624 4
7625 4
7626 4
7627 4
7628 4
7629 4
7630 4
7631 4
7632 4
7633 4
7634 4
7635 4
7636 4
7637 4
7638 4
7639 4
7640 4
7641 4
7642 4
7643 4
7644 4
7645 4
7646 4
7647 4
7648 4
7649 4
7650 4
7651 4
7652 4
7653 4
7654 4
7655 4
7656 4
7657 4
7658 4
7659 4
7660 4
7661 4
7662 4
7663 4
7664 4
7665 4
7666 4
7667 4
7668 4
7669 4
7670 4
7671 4
7672 4
7673 4
7674 4
7675 4
7676 4
7677 4
7678 4
7679 4
7680 4
7681 4
7682 4
7683 4
7684 4
7685 4
7686 4
7687 4
7688 4
7689 4
7690 4
7691 4
7692 4
7693 4
7694 4
7695 4
7696 4
7697 4
7698 4
7699 4
7700 4
7701 4
7702 4
7703 4
7704 4
7705 4
7706 4
7707 4
7708 4
7709 4
7710 4
7711 4
7712 4
7713 4
7714 4
7715 4
7716 4
7717 4
7718 4
7719 4
7720 4
7721 4
7722 4
7723 4
7724 4
7725 4
7726 4
7727 4
7728 4
7729 4
7730 4
7731 4
7732 4
7733 4
7734 4
7735 4
7736 4
7737 4
7738 4
7739 4
7740 4
7741 4
7742 4
7743 4
7744 4
7745 4
7746 4
7747 4
7748 4
7749 4
7750 4
7751 4
7752 4
7753 4
7754 4
7755 4
7756 4
7757 4
7758 4
7759 4
7760 4
7761 4
7762 4
7763 4
7764 4
7765 4
7766 4
7767 4
7768 4
7769 4
7770 4
7771 4
7772 4
7773 4
7774 4
7775 4
7776 4
7777 4
7778 4
7779 4
7780 4
7781 4
7782 4
7783 4
7784 4
7785 4
7786 4
7787 4
7788 4
7789 4
7790 4
7791 4
7792 4
7793 4
7794 4
7795 4
7796 4
7797 4
7798 4
7799 4
7800 4
7801 4
7802 4
7803 4
7804 4
7805 4
7806 4
7807 4
7808 4
7809 4
7810 4
7811 4
7812 4
7813 4
7814 4
7815 4
7816 4
7817 4
7818 4
7819 4
7820 4
7821 4
7822 4
7823 4
7824 4
7825 4
7826 4
7827 4
7828 4
7829 4
7830 4
7831 4
7832 4
7833 4
7834 4
7835 4
7836 4
7837 4
7838 4
7839 4
7840 4
7841 4
7842 4
7843 4
7844 4
7845 4
7846 4
7847 4
7848 4
7849 4
7850 4
7851 4
7852 4
7853 4
7854 4
7855 4
7856 4
7857 4
7858 4
7859 4
7860 4
7861 4
7862 4
7863 4
7864 4
7865 4
7866 4
7867 4
7868 4
7869 4
7870 4
7871 4
7872 4
7873 4
7874 4
7875 4
7876 4
7877 4
7878 4
7879 4
7880 4
7881 4
7882 4
7883 4
7884 4
7885 4
7886 4
7887 4
7888 4
7889 4
7890 4
7891 4
7892 4
7893 4
7894 4
7895 4
7896 4
7897 4
7898 4
7899 4
7900 4
7901 4
7902 4
7903 4
7904 4
7905 4
7906 4
7907 4
7908 4
7909 4
7910 4
7911 4
7912 4
7913 4
7914 4
7915 4
7916 4
7917 4
7918 4
7919 4
7920 4
7921 4
7922 4
7923 4
7924 4
7925 4
7926 4
7927 4
7928 4
7929 4
7930 4
7931 4
7932 4
7933 4
7934 4
7935 4
7936 4
7937 4
7938 4
7939 4
7940 4
7941 4
7942 4
7943 4
7944 4
7945 4
7946 4
7947 4
7948 4
7949 4
7950 4
7951 4
7952 4
7953 4
7954 4
7955 4
7956 4
7957 4
7958 4
7959 4
7960 4
7961 4
7962 4
7963 4
7964 4
7965 4
7966 4
7967 4
7968 4
7969 4
7970 4
7971 4
7972 4
7973 4
7974 4
7975 4
7976 4
7977 4
7978 4
7979 4
7980 4
7981 4
7982 4
7983 4
7984 4
7985 4
7986 4
7987 4
7988 4
7989 4
7990 4
7991 4
7992 4
7993 4
7994 4
7995 4
7996 4
7997 4
7998 4
7999 4
8000 4
8001 4
8002 4
8003 4
8004 4
8005 4
8006 4
8007 4
8008 4
8009 4
8010 4
8011 4
8012 4
8013 4
8014 4
8015 4
8016 4
8017 4
8018 4
8019 4
8020 4
8021 4
8022 4
8023 4
8024 4
8025 4
8026 4
8027 4
8028 4
8029 4
8030 4
8031 4
8032 4
8033 4
8034 4
8035 4
8036 4
8037 4
8038 4
8039 4
8040 4
8041 4
8042 4
8043 4
8044 4
8045 4
8046 4
8047 4
8048 4
8049 4
8050 4
8051 4
8052 4
8053 4
8054 4
8055 4
8056 4
8057 4
8058 4
8059 4
8060 4
8061 4
8062 4
8063 4
8064 4
8065 4
8066 4
8067 4
8068 4
8069 4
8070 4
8071 4
8072 4
8073 4
8074 4
8075 4
8076 4
8077 4
8078 4
8079 4
8080 4
8081 4
8082 4
8083 4
8084 4
8085 4
8086 4
8087 4
8088 4
8089 4
8090 4
8091 4
8092 4
8093 4
8094 4
8095 4
8096 4
8097 4
8098 4
8099 4
8100 4
8101 4
8102 4
8103 4
8104 4
8105 4
8106 4
8107 4
8108 4
8109 4
8110 4
8111 4
8112 4
8113 4
8114 4
8115 4
8116 4
8117 4
8118 4
8119 4
8120 4
8121 4
8122 4
8123 4
8124 4
8125 4
8126 4
8127 4
8128 4
8129 4
8130 4
8131 4
8132 4
8133 4
8134 4
8135 4
8136 4
8137 4
8138 4
8139 4
8140 4
8141 4
8142 4
8143 4
8144 4
8145 4
8146 4
8147 4
8148 4
8149 4
8150 4
8151 4
8152 4
8153 4
8154 4
8155 4
8156 4
8157 4
8158 4
8159 4
8160 4
8161 4
8162 4
8163 4
8164 4
8165 4
8166 4
8167 4
8168 4
8169 4
8170 4
8171 4
8172 4
8173 4
8174 4
8175 4
8176 4
8177 4
8178 4
8179 4
8180 4
8181 4
8182 4
8183 4
8184 4
8185 4
8186 4
8187 4
8188 4
8189 4
8190 4
8191 4
8192 4
8193 4
8194 4
8195 4
8196 4
8197 4
8198 4
8199 4
8200 4
8201 4
8202 4
8203 4
8204 4
8205 4
8206 4
8207 4
8208 4
8209 4
8210 4
8211 4
8212 4
8213 4
8214 4
8215 4
8216 4
8217 4
8218 4
8219 4
8220 4
8221 4
8222 4
8223 4
8224 4
8225 4
8226 4
8227 4
8228 4
8229 4
8230 4
8231 4
8232 4
8233 4
8234 4
8235 4
8236 4
8237 4
8238 4
8239 4
8240 4
8241 4
8242 4
8243 4
8244 4
8245 4
8246 4
8247 4
8248 4
8249 4
8250 4
8251 4
8252 4
8253 4
8254 4
8255 4
8256 4
8257 4
8258 4
8259 4
8260 4
8261 4
8262 4
8263 4
8264 4
8265 4
8266 4
8267 4
8268 4
8269 4
8270 4
8271 4
8272 4
8273 4
8274 4
8275 4
8276 4
8277 4
8278 4
8279 4
8280 4
8281 4
8282 4
8283 4
8284 4
8285 4
8286 4
8287 4
8288 4
8289 4
8290 4
8291 4
8292 4
8293 4
8294 4
8295 4
8296 4
8297 4
8298 4
8299 4
8300 4
8301 4
8302 4
8303 4
8304 4
8305 4
8306 4
8307 4
8308 4
8309 4
8310 4
8311 4
8312 4
8313 4
8314 4
8315 4
8316 4
8317 4
8318 4
8319 4
8320 4
8321 4
8322 4
8323 4
8324 4
8325 4
8326 4
8327 4
8328 4
8329 4
8330 4
8331 4
8332 4
8333 4
8334 4
8335 4
8336 4
8337 4
8338 4
8339 4
8340 4
8341 4
8342 4
8343 4
8344 4
8345 4
8346 4
8347 4
8348 4
8349 4
8350 4
8351 4
8352 4
8353 4
8354 4
8355 4
8356 4
8357 4
8358 4
8359 4
8360 4
8361 4
8362 4
8363 4
8364 4
8365 4
8366 4
8367 4
8368 4
8369 4
8370 4
8371 4
8372 4
8373 4
8374 4
8375 4
8376 4
8377 4
8378 4
8379 4
8380 4
8381 4
8382 4
8383 4
8384 4
8385 4
8386 4
8387 4
8388 4
8389 4
8390 4
8391 4
8392 4
8393 4
8394 4
8395 4
8396 4
8397 4
8398 4
8399 4
8400 4
8401 4
8402 4
8403 4
8404 4
8405 4
8406 4
8407 4
8408 4
8409 4
8410 4
8411 4
8412 4
8413 4
8414 4
8415 4
8416 4
8417 4
8418 4
8419 4
8420 4
8421 4
8422 4
8423 4
8424 4
8425 4
8426 4
8427 4
8428 4
8429 4
8430 4
8431 4
8432 4
8433 4
8434 4
8435 4
8436 4
8437 4
8438 4
8439 4
8440 4
8441 4
8442 4
8443 4
8444 4
8445 4
8446 4
8447 4
8448 4
8449 4
8450 4
8451 4
8452 4
8453 4
8454 4
8455 4
8456 4
8457 4
8458 4
8459 4
8460 4
8461 4
8462 4
8463 4
8464 4
8465 4
8466 4
8467 4
8468 4
8469 4
8470 4
8471 4
8472 4
8473 4
8474 4
8475 4
8476 4
8477 4
8478 4
8479 4
8480 4
8481 4
8482 4
8483 4
8484 4
8485 4
8486 4
8487 4
8488 4
8489 4
8490 4
8491 4
8492 4
8493 4
8494 4
8495 4
8496 4
8497 4
8498 4
8499 4
8500 4
8501 4
8502 4
8503 4
8504 4
8505 4
8506 4
8507 4
8508 4
8509 4
8510 4
8511 4
8512 4
8513 4
8514 4
8515 4
8516 4
8517 4
8518 4
8519 4
8520 4
8521 4
8522 4
8523 4
8524 4
8525 4
8526 4
8527 4
8528 4
8529 4
8530 4
8531 4
8532 4
8533 4
8534 4
8535 4
8536 4
8537 4
8538 4
8539 4
8540 4
8541 4
8542 4
8543 4
8544 4
8545 4
8546 4
8547 4
8548 4
8549 4
8550 4
8551 4
8552 4
8553 4
8554 4
8555 4
8556 4
8557 4
8558 4
8559 4
8560 4
8561 4
8562 4
8563 4
8564 4
8565 4
8566 4
8567 4
8568 4
8569 4
8570 4
8571 4
8572 4
8573 4
8574 4
8575 4
8576 4
8577 4
8578 4
8579 4
8580 4
8581 4
8582 4
8583 4
8584 4
8585 4
8586 4
8587 4
8588 4
8589 4
8590 4
8591 4
8592 4
8593 4
8594 4
8595 4
8596 4
8597 4
8598 4
8599 4
8600 4
8601 4
8602 4
8603 4
8604 4
8605 4
8606 4
8607 4
8608 4
8609 4
8610 4
8611 4
8612 4
8613 4
8614 4
8615 4
8616 4
8617 4
8618 4
8619 4
8620 4
8621 4
8622 4
8623 4
8624 4
8625 4
8626 4
8627 4
8628 4
8629 4
8630 4
8631 4
8632 4
8633 4
8634 4
8635 4
8636 4
8637 4
8638 4
8639 4
8640 4
8641 4
8642 4
8643 4
8644 4
8645 4
8646 4
8647 4
8648 4
8649 4
8650 4
8651 4
8652 4
8653 4
8654 4
8655 4
8656 4
8657 4
8658 4
8659 4
8660 4
8661 4
8662 4
8663 4
8664 4
8665 4
8666 4
8667 4
8668 4
8669 4
8670 4
8671 4
8672 4
8673 4
8674 4
8675 4
8676 4
8677 4
8678 4
8679 4
8680 4
8681 4
8682 4
8683 4
8684 4
8685 4
8686 4
8687 4
8688 4
8689 4
8690 4
8691 4
8692 4
8693 4
8694 4
8695 4
8696 4
8697 4
8698 4
8699 4
8700 4
8701 4
8702 4
8703 4
8704 4
8705 4
8706 4
8707 4
8708 4
8709 4
8710 4
8711 4
8712 4
8713 4
8714 4
8715 4
8716 4
8717 4
8718 4
8719 4
8720 4
8721 4
8722 4
8723 4
8724 4
8725 4
8726 4
8727 4
8728 4
8729 4
8730 4
8731 4
8732 4
8733 4
8734 4
8735 4
8736 4
8737 4
8738 4
8739 4
8740 4
8741 4
8742 4
8743 4
8744 4
8745 4
8746 4
8747 4
8748 4
8749 4
8750 4
8751 4
8752 4
8753 4
8754 4
8755 4
8756 4
8757 4
8758 4
8759 4
8760 4
8761 4
8762 4
8763 4
8764 4
8765 4
8766 4
8767 4
8768 4
8769 4
8770 4
8771 4
8772 4
8773 4
8774 4
8775 4
8776 4
8777 4
8778 4
8779 4
8780 4
8781 4
8782 4
8783 4
8784 4
8785 4
8786 4
8787 4
8788 4
8789 4
8790 4
8791 4
8792 4
8793 4
8794 4
8795 4
8796 4
8797 4
8798 4
8799 4
8800 4
8801 4
8802 4
8803 4
8804 4
8805 4
8806 4
8807 4
8808 4
8809 4
8810 4
8811 4
8812 4
8813 4
8814 4
8815 4
8816 4
8817 4
8818 4
8819 4
8820 4
8821 4
8822 4
8823 4
8824 4
8825 4
8826 4
8827 4
8828 4
8829 4
8830 4
8831 4
8832 4
8833 4
8834 4
8835 4
8836 4
8837 4
8838 4
8839 4
8840 4
8841 4
8842 4
8843 4
8844 4
8845 4
8846 4
8847 4
8848 4
8849 4
8850 4
8851 4
8852 4
8853 4
8854 4
8855 4
8856 4
8857 4
8858 4
8859 4
8860 4
8861 4
8862 4
8863 4
8864 4
8865 4
8866 4
8867 4
8868 4
8869 4
8870 4
8871 4
8872 4
8873 4
8874 4
8875 4
8876 4
8877 4
8878 4
8879 4
8880 4
8881 4
8882 4
8883 4
8884 4
8885 4
8886 4
8887 4
8888 4
8889 4
8890 4
8891 4
8892 4
8893 4
8894 4
8895 4
8896 4
8897 4
8898 4
8899 4
8900 4
8901 4
8902 4
8903 4
8904 4
8905 4
8906 4
8907 4
8908 4
8909 4
8910 4
8911 4
8912 4
8913 4
8914 4
8915 4
8916 4
8917 4
8918 4
8919 4
8920 4
8921 4
8922 4
8923 4
8924 4
8925 4
8926 4
8927 4
8928 4
8929 4
8930 4
8931 4
8932 4
8933 4
8934 4
8935 4
8936 4
8937 4
8938 4
8939 4
8940 4
8941 4
8942 4
8943 4
8944 4
8945 4
8946 4
8947 4
8948 4
8949 4
8950 4
8951 4
8952 4
8953 4
8954 4
8955 4
8956 4
8957 4
8958 4
8959 4
8960 4
8961 4
8962 4
8963 4
8964 4
8965 4
8966 4
8967 4
8968 4
8969 4
8970 4
8971 4
8972 4
8973 4
8974 4
8975 4
8976 4
8977 4
8978 4
8979 4
8980 4
8981 4
8982 4
8983 4
8984 4
8985 4
8986 4
8987 4
8988 4
8989 4
8990 4
8991 4
8992 4
8993 4
8994 4
8995 4
8996 4
8997 4
8998 4
8999 4
9000 4
9001 4
9002 4
9003 4
9004 4
9005 4
9006 4
9007 4
9008 4
9009 4
9010 4
9011 4
9012 4
9013 4
9014 4
9015 4
9016 4
9017 4
9018 4
9019 4
9020 4
9021 4
9022 4
9023 4
9024 4
9025 4
9026 4
9027 4
9028 4
9029 4
9030 4
9031 4
9032 4
9033 4
9034 4
9035 4
9036 4
9037 4
9038 4
9039 4
9040 4
9041 4
9042 4
9043 4
9044 4
9045 4
9046 4
9047 4
9048 4
9049 4
9050 4
9051 4
9052 4
9053 4
9054 4
9055 4
9056 4
9057 4
9058 4
9059 4
9060 4
9061 4
9062 4
9063 4
9064 4
9065 4
9066 4
9067 4
9068 4
9069 4
9070 4
9071 4
9072 4
9073 4
9074 4
9075 4
9076 4
9077 4
9078 4
9079 4
9080 4
9081 4
9082 4
9083 4
9084 4
9085 4
9086 4
9087 4
9088 4
9089 4
9090 4
9091 4
9092 4
9093 4
9094 4
9095 4
9096 4
9097 4
9098 4
9099 4
9100 4
9101 4
9102 4
9103 4
9104 4
9105 4
9106 4
9107 4
9108 4
9109 4
9110 4
9111 4
9112 4
9113 4
9114 4
9115 4
9116 4
9117 4
9118 4
9119 4
9120 4
9121 4
9122 4
9123 4
9124 4
9125 4
9126 4
9127 4
9128 4
9129 4
9130 4
9131 4
9132 4
9133 4
9134 4
9135 4
9136 4
9137 4
9138 4
9139 4
9140 4
9141 4
9142 4
9143 4
9144 4
9145 4
9146 4
9147 4
9148 4
9149 4
9150 4
9151 4
9152 4
9153 4
9154 4
9155 4
9156 4
9157 4
9158 4
9159 4
9160 4
9161 4
9162 4
9163 4
9164 4
9165 4
9166 4
9167 4
9168 4
9169 4
9170 4
9171 4
9172 4
9173 4
9174 4
9175 4
9176 4
9177 4
9178 4
9179 4
9180 4
9181 4
9182 4
9183 4
9184 4
9185 4
9186 4
9187 4
9188 4
9189 4
9190 4
9191 4
9192 4
9193 4
9194 4
9195 4
9196 4
9197 4
9198 4
9199 4
9200 4
9201 4
9202 4
9203 4
9204 4
9205 4
9206 4
9207 4
9208 4
9209 4
9210 4
9211 4
9212 4
9213 4
9214 4
9215 4
9216 4
9217 4
9218 4
9219 4
9220 4
9221 4
9222 4
9223 4
9224 4
9225 4
9226 4
9227 4
9228 4
9229 4
9230 4
9231 4
9232 4
9233 4
9234 4
9235 4
9236 4
9237 4
9238 4
9239 4
9240 4
9241 4
9242 4
9243 4
9244 4
9245 4
9246 4
9247 4
9248 4
9249 4
9250 4
9251 4
9252 4
9253 4
9254 4
9255 4
9256 4
9257 4
9258 4
9259 4
9260 4
9261 4
9262 4
9263 4
9264 4
9265 4
9266 4
9267 4
9268 4
9269 4
9270 4
9271 4
9272 4
9273 4
9274 4
9275 4
9276 4
9277 4
9278 4
9279 4
9280 4
9281 4
9282 4
9283 4
9284 4
9285 4
9286 4
9287 4
9288 4
9289 4
9290 4
9291 4
9292 4
9293 4
9294 4
9295 4
9296 4
9297 4
9298 4
9299 4
9300 4
9301 4
9302 4
9303 4
9304 4
9305 4
9306 4
9307 4
9308 4
9309 4
9310 4
9311 4
9312 4
9313 4
9314 4
9315 4
9316 4
9317 4
9318 4
9319 4
9320 4
9321 4
9322 4
9323 4
9324 4
9325 4
9326 4
9327 4
9328 4
9329 4
9330 4
9331 4
9332 4
9333 4
9334 4
9335 4
9336 4
9337 4
9338 4
9339 4
9340 4
9341 4
9342 4
9343 4
9344 4
9345 4
9346 4
9347 4
9348 4
9349 4
9350 4
9351 4
9352 4
9353 4
9354 4
9355 4
9356 4
9357 4
9358 4
9359 4
9360 4
9361 4
9362 4
9363 4
9364 4
9365 4
9366 4
9367 4
9368 4
9369 4
9370 4
9371 4
9372 4
9373 4
9374 4
9375 4
9376 4
9377 4
9378 4
9379 4
9380 4
9381 4
9382 4
9383 4
9384 4
9385 4
9386 4
9387 4
9388 4
9389 4
9390 4
9391 4
9392 4
9393 4
9394 4
9395 4
9396 4
9397 4
9398 4
9399 4
9400 4
9401 4
9402 4
9403 4
9404 4
9405 4
9406 4
9407 4
9408 4
9409 4
9410 4
9411 4
9412 4
9413 4
9414 4
9415 4
9416 4
9417 4
9418 4
9419 4
9420 4
9421 4
9422 4
9423 4
9424 4
9425 4
9426 4
9427 4
9428 4
9429 4
9430 4
9431 4
9432 4
9433 4
9434 4
9435 4
9436 4
9437 4
9438 4
9439 4
9440 4
9441 4
9442 4
9443 4
9444 4
9445 4
9446 4
9447 4
9448 4
9449 4
9450 4
9451 4
9452 4
9453 4
9454 4
9455 4
9456 4
9457 4
9458 4
9459 4
9460 4
9461 4
9462 4
9463 4
9464 4
9465 4
9466 4
9467 4
9468 4
9469 4
9470 4
9471 4
9472 4
9473 4
9474 4
9475 4
9476 4
9477 4
9478 4
9479 4
9480 4
9481 4
9482 4
9483 4
9484 4
9485 4
9486 4
9487 4
9488 4
9489 4
9490 4
9491 4
9492 4
9493 4
9494 4
9495 4
9496 4
9497 4
9498 4
9499 4
9500 4
9501 4
9502 4
9503 4
9504 4
9505 4
9506 4
9507 4
9508 4
9509 4
9510 4
9511 4
9512 4
9513 4
9514 4
9515 4
9516 4
9517 4
9518 4
9519 4
9520 4
9521 4
9522 4
9523 4
9524 4
9525 4
9526 4
9527 4
9528 4
9529 4
9530 4
9531 4
9532 4
9533 4
9534 4
9535 4
9536 4
9537 4
9538 4
9539 4
9540 4
9541 4
9542 4
9543 4
9544 4
9545 4
9546 4
9547 4
9548 4
9549 4
9550 4
9551 4
9552 4
9553 4
9554 4
9555 4
9556 4
9557 4
9558 4
9559 4
9560 4
9561 4
9562 4
9563 4
9564 4
9565 4
9566 4
9567 4
9568 4
9569 4
9570 4
9571 4
9572 4
9573 4
9574 4
9575 4
9576 4
9577 4
9578 4
9579 4
9580 4
9581 4
9582 4
9583 4
9584 4
9585 4
9586 4
9587 4
9588 4
9589 4
9590 4
9591 4
9592 4
9593 4
9594 4
9595 4
9596 4
9597 4
9598 4
9599 4
9600 4
9601 4
9602 4
9603 4
9604 4
9605 4
9606 4
9607 4
9608 4
9609 4
9610 4
9611 4
9612 4
9613 4
9614 4
9615 4
9616 4
9617 4
9618 4
9619 4
9620 4
9621 4
9622 4
9623 4
9624 4
9625 4
9626 4
9627 4
9628 4
9629 4
9630 4
9631 4
9632 4
9633 4
9634 4
9635 4
9636 4
9637 4
9638 4
9639 4
9640 4
9641 4
9642 4
9643 4
9644 4
9645 4
9646 4
9647 4
9648 4
9649 4
9650 4
9651 4
9652 4
9653 4
9654 4
9655 4
9656 4
9657 4
9658 4
9659 4
9660 4
9661 4
9662 4
9663 4
9664 4
9665 4
9666 4
9667 4
9668 4
9669 4
9670 4
9671 4
9672 4
9673 4
9674 4
9675 4
9676 4
9677 4
9678 4
9679 4
9680 4
9681 4
9682 4
9683 4
9684 4
9685 4
9686 4
9687 4
9688 4
9689 4
9690 4
9691 4
9692 4
9693 4
9694 4
9695 4
9696 4
9697 4
9698 4
9699 4
9700 4
9701 4
9702 4
9703 4
9704 4
9705 4
9706 4
9707 4
9708 4
9709 4
9710 4
9711 4
9712 4
9713 4
9714 4
9715 4
9716 4
9717 4
9718 4
9719 4
9720 4
9721 4
9722 4
9723 4
9724 4
9725 4
9726 4
9727 4
9728 4
9729 4
9730 4
9731 4
9732 4
9733 4
9734 4
9735 4
9736 4
9737 4
9738 4
9739 4
9740 4
9741 4
9742 4
9743 4
9744 4
9745 4
9746 4
9747 4
9748 4
9749 4
9750 4
9751 4
9752 4
9753 4
9754 4
9755 4
9756 4
9757 4
9758 4
9759 4
9760 4
9761 4
9762 4
9763 4
9764 4
9765 4
9766 4
9767 4
9768 4
9769 4
9770 4
9771 4
9772 4
9773 4
9774 4
9775 4
9776 4
9777 4
9778 4
9779 4
9780 4
9781 4
9782 4
9783 4
9784 4
9785 4
9786 4
9787 4
9788 4
9789 4
9790 4
9791 4
9792 4
9793 4
9794 4
9795 4
9796 4
9797 4
9798 4
9799 4
9800 4
9801 4
9802 4
9803 4
9804 4
9805 4
9806 4
9807 4
9808 4
9809 4
9810 4
9811 4
9812 4
9813 4
9814 4
9815 4
9816 4
9817 4
9818 4
9819 4
9820 4
9821 4
9822 4
9823 4
9824 4
9825 4
9826 4
9827 4
9828 4
9829 4
9830 4
9831 4
9832 4
9833 4
9834 4
9835 4
9836 4
9837 4
9838 4
9839 4
9840 4
9841 4
9842 4
9843 4
9844 4
9845 4
9846 4
9847 4
9848 4
9849 4
9850 4
9851 4
9852 4
9853 4
9854 4
9855 4
9856 4
9857 4
9858 4
9859 4
9860 4
9861 4
9862 4
9863 4
9864 4
9865 4
9866 4
9867 4
9868 4
9869 4
9870 4
9871 4
9872 4
9873 4
9874 4
9875 4
9876 4
9877 4
9878 4
9879 4
9880 4
9881 4
9882 4
9883 4
9884 4
9885 4
9886 4
9887 4
9888 4
9889 4
9890 4
9891 4
9892 4
9893 4
9894 4
9895 4
9896 4
9897 4
9898 4
9899 4
9900 4
9901 4
9902 4
9903 4
9904 4
9905 4
9906 4
9907 4
9908 4
9909 4
9910 4
9911 4
9912 4
9913 4
9914 4
9915 4
9916 4
9917 4
9918 4
9919 4
9920 4
9921 4
9922 4
9923 4
9924 4
9925 4
9926 4
9927 4
9928 4
9929 4
9930 4
9931 4
9932 4
9933 4
9934 4
9935 4
9936 4
9937 4
9938 4
9939 4
9940 4
9941 4
9942 4
9943 4
9944 4
9945 4
9946 4
9947 4
9948 4
9949 4
9950 4
9951 4
9952 4
9953 4
9954 4
9955 4
9956 4
9957 4
9958 4
9959 4
9960 4
9961 4
9962 4
9963 4
9964 4
9965 4
9966 4
9967 4
9968 4
9969 4
9970 4
9971 4
9972 4
9973 4
9974 4
9975 4
9976 4
9977 4
9978 4
9979 4
9980 4
9981 4
9982 4
9983 4
9984 4
9985 4
9986 4
9987 4
9988 4
9989 4
9990 4
9991 4
9992 4
9993 4
9994 4
9995 4
9996 4
9997 4
9998 4
9999 4
10000 4
10001 4
10002 4
10003 4
10004 4
10005 4
10006 4
10007 4
10008 4
10009 4
10010 4
10011 4
10012 4
10013 4
10014 4
10015 4
10016 4
10017 4
10018 4
10019 4
10020 4
10021 4
10022 4
10023 4
10024 4
10025 4
10026 4
10027 4
10028 4
10029 4
10030 4
10031 4
10032 4
10033 4
10034 4
10035 4
10036 4
10037 4
10038 4
10039 4
10040 4
10041 4
10042 4
10043 4
10044 4
10045 4
10046 4
10047 4
10048 4
10049 4
10050 4
10051 4
10052 4
10053 4
10054 4
10055 4
10056 4
10057 4
10058 4
10059 4
10060 4
10061 4
10062 4
10063 4
10064 4
10065 4
10066 4
10067 4
10068 4
10069 4
10070 4
10071 4
10072 4
10073 4
10074 4
10075 4
10076 4
10077 4
10078 4
10079 4
10080 4
10081 4
10082 4
10083 4
10084 4
10085 4
10086 4
10087 4
10088 4
10089 4
10090 4
10091 4
10092 4
10093 4
10094 4
10095 4
10096 4
10097 4
10098 4
10099 4
10100 4
10101 4
10102 4
10103 4
10104 4
10105 4
10106 4
10107 4
10108 4
10109 4
10110 4
10111 4
10112 4
10113 4
10114 4
10115 4
10116 4
10117 4
10118 4
10119 4
10120 4
10121 4
10122 4
10123 4
10124 4
10125 4
10126 4
10127 4
10128 4
10129 4
10130 4
10131 4
10132 4
10133 4
10134 4
10135 4
10136 4
10137 4
10138 4
10139 4
10140 4
10141 4
10142 4
10143 4
10144 4
10145 4
10146 4
10147 4
10148 4
10149 4
10150 4
10151 4
10152 4
10153 4
10154 4
10155 4
10156 4
10157 4
10158 4
10159 4
10160 4
10161 4
10162 4
10163 4
10164 4
10165 4
10166 4
10167 4
10168 4
10169 4
10170 4
10171 4
10172 4
10173 4
10174 4
10175 4
10176 4
10177 4
10178 4
10179 4
10180 4
10181 4
10182 4
10183 4
10184 4
10185 4
10186 4
10187 4
10188 4
10189 4
10190 4
10191 4
10192 4
10193 4
10194 4
10195 4
10196 4
10197 4
10198 4
10199 4
10200 4
10201 4
10202 4
10203 4
10204 4
10205 4
10206 4
10207 4
10208 4
10209 4
10210 4
10211 4
10212 4
10213 4
10214 4
10215 4
10216 4
10217 4
10218 4
10219 4
10220 4
10221 4
10222 4
10223 4
10224 4
10225 4
10226 4
10227 4
10228 4
10229 4
10230 4
10231 4
10232 4
10233 4
10234 4
10235 4
10236 4
10237 4
10238 4
10239 4
10240 4
10241 4
10242 4
10243 4
10244 4
10245 4
10246 4
10247 4
10248 4
10249 4
10250 4
10251 4
10252 4
10253 4
10254 4
10255 4
10256 4
10257 4
10258 4
10259 4
10260 4
10261 4
10262 4
10263 4
10264 4
10265 4
10266 4
10267 4
10268 4
10269 4
10270 4
10271 4
10272 4
10273 4
10274 4
10275 4
10276 4
10277 4
10278 4
10279 4
10280 4
10281 4
10282 4
10283 4
10284 4
10285 4
10286 4
10287 4
10288 4
10289 4
10290 4
10291 4
10292 4
10293 4
10294 4
10295 4
10296 4
10297 4
10298 4
10299 4
10300 4
10301 4
10302 4
10303 4
10304 4
10305 4
10306 4
10307 4
10308 4
10309 4
10310 4
10311 4
10312 4
10313 4
10314 4
10315 4
10316 4
10317 4
10318 4
10319 4
10320 4
10321 4
10322 4
10323 4
10324 4
10325 4
10326 4
10327 4
10328 4
10329 4
10330 4
10331 4
10332 4
10333 4
10334 4
10335 4
10336 4
10337 4
10338 4
10339 4
10340 4
10341 4
10342 4
10343 4
10344 4
10345 4
10346 4
10347 4
10348 4
10349 4
10350 4
10351 4
10352 4
10353 4
10354 4
10355 4
10356 4
10357 4
10358 4
10359 4
10360 4
10361 4
10362 4
10363 4
10364 4
10365 4
10366 4
10367 4
10368 4
10369 4
10370 4
10371 4
10372 4
10373 4
10374 4
10375 4
10376 4
10377 4
10378 4
10379 4
10380 4
10381 4
10382 4
10383 4
10384 4
10385 4
10386 4
10387 4
10388 4
10389 4
10390 4
10391 4
10392 4
10393 4
10394 4
10395 4
10396 4
10397 4
10398 4
10399 4
10400 4
10401 4
10402 4
10403 4
10404 4
10405 4
10406 4
10407 4
10408 4
10409 4
10410 4
10411 4
10412 4
10413 4
10414 4
10415 4
10416 4
10417 4
10418 4
10419 4
10420 4
10421 4
10422 4
10423 4
10424 4
10425 4
10426 4
10427 4
10428 4
10429 4
10430 4
10431 4
10432 4
10433 4
10434 4
10435 4
10436 4
10437 4
10438 4
10439 4
10440 4
10441 4
10442 4
10443 4
10444 4
10445 4
10446 4
10447 4
10448 4
10449 4
10450 4
10451 4
10452 4
10453 4
10454 4
10455 4
10456 4
10457 4
10458 4
10459 4
10460 4
10461 4
10462 4
10463 4
10464 4
10465 4
10466 4
10467 4
10468 4
10469 4
10470 4
10471 4
10472 4
10473 4
10474 4
10475 4
10476 4
10477 4
10478 4
10479 4
10480 4
10481 4
10482 4
10483 4
10484 4
10485 4
10486 4
10487 4
10488 4
10489 4
10490 4
10491 4
10492 4
10493 4
10494 4
10495 4
10496 4
10497 4
10498 4
10499 4
10500 4
10501 4
10502 4
10503 4
10504 4
10505 4
10506 4
10507 4
10508 4
10509 4
10510 4
10511 4
10512 4
10513 4
10514 4
10515 4
10516 4
10517 4
10518 4
10519 4
10520 4
10521 4
10522 4
10523 4
10524 4
10525 4
10526 4
10527 4
10528 4
10529 4
10530 4
10531 4
10532 4
10533 4
10534 4
10535 4
10536 4
10537 4
10538 4
10539 4
10540 4
10541 4
10542 4
10543 4
10544 4
10545 4
10546 4
10547 4
10548 4
10549 4
10550 4
10551 4
10552 4
10553 4
10554 4
10555 4
10556 4
10557 4
10558 4
10559 4
10560 4
10561 4
10562 4
10563 4
10564 4
10565 4
10566 4
10567 4
10568 4
10569 4
10570 4
10571 4
10572 4
10573 4
10574 4
10575 4
10576 4
10577 4
10578 4
10579 4
10580 4
10581 4
10582 4
10583 4
10584 4
10585 4
10586 4
10587 4
10588 4
10589 4
10590 4
10591 4
10592 4
10593 4
10594 4
10595 4
10596 4
10597 4
10598 4
10599 4
10600 4
10601 4
10602 4
10603 4
10604 4
10605 4
10606 4
10607 4
10608 4
10609 4
10610 4
10611 4
10612 4
10613 4
10614 4
10615 4
10616 4
10617 4
10618 4
10619 4
10620 4
10621 4
10622 4
10623 4
10624 4
10625 4
10626 4
10627 4
10628 4
10629 4
10630 4
10631 4
10632 4
10633 4
10634 4
10635 4
10636 4
10637 4
10638 4
10639 4
10640 4
10641 4
10642 4
10643 4
10644 4
10645 4
10646 4
10647 4
10648 4
10649 4
10650 4
10651 4
10652 4
10653 4
10654 4
10655 4
10656 4
10657 4
10658 4
10659 4
10660 4
10661 4
10662 4
10663 4
10664 4
10665 4
10666 4
10667 4
10668 4
10669 4
10670 4
10671 4
10672 4
10673 4
10674 4
10675 4
10676 4
10677 4
10678 4
10679 4
10680 4
10681 4
10682 4
10683 4
10684 4
10685 4
10686 4
10687 4
10688 4
10689 4
10690 4
10691 4
10692 4
10693 4
10694 4
10695 4
10696 4
10697 4
10698 4
10699 4
10700 4
10701 4
10702 4
10703 4
10704 4
10705 4
10706 4
10707 4
10708 4
10709 4
10710 4
10711 4
10712 4
10713 4
10714 4
10715 4
10716 4
10717 4
10718 4
10719 4
10720 4
10721 4
10722 4
10723 4
10724 4
10725 4
10726 4
10727 4
10728 4
10729 4
10730 4
10731 4
10732 4
10733 4
10734 4
10735 4
10736 4
10737 4
10738 4
10739 4
10740 4
10741 4
10742 4
10743 4
10744 4
10745 4
10746 4
10747 4
10748 4
10749 4
10750 4
10751 4
10752 4
10753 4
10754 4
10755 4
10756 4
10757 4
10758 4
10759 4
10760 4
10761 4
10762 4
10763 4
10764 4
10765 4
10766 4
10767 4
10768 4
10769 4
10770 4
10771 4
10772 4
10773 4
10774 4
10775 4
10776 4
10777 4
10778 4
10779 4
10780 4
10781 4
10782 4
10783 4
10784 4
10785 4
10786 4
10787 4
10788 4
10789 4
10790 4
10791 4
10792 4
10793 4
10794 4
10795 4
10796 4
10797 4
10798 4
10799 4
10800 4
10801 4
10802 4
10803 4
10804 4
10805 4
10806 4
10807 4
10808 4
10809 4
10810 4
10811 4
10812 4
10813 4
10814 4
10815 4
10816 4
10817 4
10818 4
10819 4
10820 4
10821 4
10822 4
10823 4
10824 4
10825 4
10826 4
10827 4
10828 4
10829 4
10830 4
10831 4
10832 4
10833 4
10834 4
10835 4
10836 4
10837 4
10838 4
10839 4
10840 4
10841 4
10842 4
10843 4
10844 4
10845 4
10846 4
10847 4
10848 4
10849 4
10850 4
10851 4
10852 4
10853 4
10854 4
10855 4
10856 4
10857 4
10858 4
10859 4
10860 4
10861 4
10862 4
10863 4
10864 4
10865 4
10866 4
10867 4
10868 4
10869 4
10870 4
10871 4
10872 4
10873 4
10874 4
10875 4
10876 4
10877 4
10878 4
10879 4
10880 4
10881 4
10882 4
10883 4
10884 4
10885 4
10886 4
10887 4
10888 4
10889 4
10890 4
10891 4
10892 4
10893 4
10894 4
10895 4
10896 4
10897 4
10898 4
10899 4
10900 4
10901 4
10902 4
10903 4
10904 4
10905 4
10906 4
10907 4
10908 4
10909 4
10910 4
10911 4
10912 4
10913 4
10914 4
10915 4
10916 4
10917 4
10918 4
10919 4
10920 4
10921 4
10922 4
10923 4
10924 4
10925 4
10926 4
10927 4
10928 4
10929 4
10930 4
10931 4
10932 4
10933 4
10934 4
10935 4
10936 4
10937 4
10938 4
10939 4
10940 4
10941 4
10942 4
10943 4
10944 4
10945 4
10946 4
10947 4
10948 4
10949 4
10950 4
10951 4
10952 4
10953 4
10954 4
10955 4
10956 4
10957 4
10958 4
10959 4
10960 4
10961 4
10962 4
10963 4
10964 4
10965 4
10966 4
10967 4
10968 4
10969 4
10970 4
10971 4
10972 4
10973 4
10974 4
10975 4
10976 4
10977 4
10978 4
10979 4
10980 4
10981 4
10982 4
10983 4
10984 4
10985 4
10986 4
10987 4
10988 4
10989 4
10990 4
10991 4
10992 4
10993 4
10994 4
10995 4
10996 4
10997 4
10998 4
10999 4
11000 4
11001 4
11002 4
11003 4
11004 4
11005 4
11006 4
11007 4
11008 4
11009 4
11010 4
11011 4
11012 4
11013 4
11014 4
11015 4
11016 4
11017 4
11018 4
11019 4
11020 4
11021 4
11022 4
11023 4
11024 4
11025 4
11026 4
11027 4
11028 4
11029 4
11030 4
11031 4
11032 4
11033 4
11034 4
11035 4
11036 4
11037 4
11038 4
11039 4
11040 4
11041 4
11042 4
11043 4
11044 4
11045 4
11046 4
11047 4
11048 4
11049 4
11050 4
11051 4
11052 4
11053 4
11054 4
11055 4
11056 4
11057 4
11058 4
11059 4
11060 4
11061 4
11062 4
11063 4
11064 4
11065 4
11066 4
11067 4
11068 4
11069 4
11070 4
11071 4
11072 4
11073 4
11074 4
11075 4
11076 4
11077 4
11078 4
11079 4
11080 4
11081 4
11082 4
11083 4
11084 4
11085 4
11086 4
11087 4
11088 4
11089 4
11090 4
11091 4
11092 4
11093 4
11094 4
11095 4
11096 4
11097 4
11098 4
11099 4
11100 4
11101 4
11102 4
11103 4
11104 4
11105 4
11106 4
11107 4
11108 4
11109 4
11110 4
11111 4
11112 4
11113 4
11114 4
11115 4
11116 4
11117 4
11118 4
11119 4
11120 4
11121 4
11122 4
11123 4
11124 4
11125 4
11126 4
11127 4
11128 4
11129 4
11130 4
11131 4
11132 4
11133 4
11134 4
11135 4
11136 4
11137 4
11138 4
11139 4
11140 4
11141 4
11142 4
11143 4
11144 4
11145 4
11146 4
11147 4
11148 4
11149 4
11150 4
11151 4
11152 4
11153 4
11154 4
11155 4
11156 4
11157 4
11158 4
11159 4
11160 4
11161 4
11162 4
11163 4
11164 4
11165 4
11166 4
11167 4
11168 4
11169 4
11170 4
11171 4
11172 4
11173 4
11174 4
11175 4
11176 4
11177 4
11178 4
11179 4
11180 4
11181 4
11182 4
11183 4
11184 4
11185 4
11186 4
11187 4
11188 4
11189 4
11190 4
11191 4
11192 4
11193 4
11194 4
11195 4
11196 4
11197 4
11198 4
11199 4
11200 4
11201 4
11202 4
11203 4
11204 4
11205 4
11206 4
11207 4
11208 4
11209 4
11210 4
11211 4
11212 4
11213 4
11214 4
11215 4
11216 4
11217 4
11218 4
11219 4
11220 4
11221 4
11222 4
11223 4
11224 4
11225 4
11226 4
11227 4
11228 4
11229 4
11230 4
11231 4
11232 4
11233 4
11234 4
11235 4
11236 4
11237 4
11238 4
11239 4
11240 4
11241 4
11242 4
11243 4
11244 4
11245 4
11246 4
11247 4
11248 4
11249 4
11250 4
11251 4
11252 4
11253 4
11254 4
11255 4
11256 4
11257 4
11258 4
11259 4
11260 4
11261 4
11262 4
11263 4
11264 4
11265 4
11266 4
11267 4
11268 4
11269 4
11270 4
11271 4
11272 4
11273 4
11274 4
11275 4
11276 4
11277 4
11278 4
11279 4
11280 4
11281 4
11282 4
11283 4
11284 4
11285 4
11286 4
11287 4
11288 4
11289 4
11290 4
11291 4
11292 4
11293 4
11294 4
11295 4
11296 4
11297 4
11298 4
11299 4
11300 4
11301 4
11302 4
11303 4
11304 4
11305 4
11306 4
11307 4
11308 4
11309 4
11310 4
11311 4
11312 4
11313 4
11314 4
11315 4
11316 4
11317 4
11318 4
11319 4
11320 4
11321 4
11322 4
11323 4
11324 4
11325 4
11326 4
11327 4
11328 4
11329 4
11330 4
11331 4
11332 4
11333 4
11334 4
11335 4
11336 4
11337 4
11338 4
11339 4
11340 4
11341 4
11342 4
11343 4
11344 4
11345 4
11346 4
11347 4
11348 4
11349 4
11350 4
11351 4
11352 4
11353 4
11354 4
11355 4
11356 4
11357 4
11358 4
11359 4
11360 4
11361 4
11362 4
11363 4
11364 4
11365 4
11366 4
11367 4
11368 4
11369 4
11370 4
11371 4
11372 4
11373 4
11374 4
11375 4
11376 4
11377 4
11378 4
11379 4
11380 4
11381 4
11382 4
11383 4
11384 4
11385 4
11386 4
11387 4
11388 4
11389 4
11390 4
11391 4
11392 4
11393 4
11394 4
11395 4
11396 4
11397 4
11398 4
11399 4
11400 4
11401 4
11402 4
11403 4
11404 4
11405 4
11406 4
11407 4
11408 4
11409 4
11410 4
11411 4
11412 4
11413 4
11414 4
11415 4
11416 4
11417 4
11418 4
11419 4
11420 4
11421 4
11422 4
11423 4
11424 4
11425 4
11426 4
11427 4
11428 4
11429 4
11430 4
11431 4
11432 4
11433 4
11434 4
11435 4
11436 4
11437 4
11438 4
11439 4
11440 4
11441 4
11442 4
11443 4
11444 4
11445 4
11446 4
11447 4
11448 4
11449 4
11450 4
11451 4
11452 4
11453 4
11454 4
11455 4
11456 4
11457 4
11458 4
11459 4
11460 4
11461 4
11462 4
11463 4
11464 4
11465 4
11466 4
11467 4
11468 4
11469 4
11470 4
11471 4
11472 4
11473 4
11474 4
11475 4
11476 4
11477 4
11478 4
11479 4
11480 4
11481 4
11482 4
11483 4
11484 4
11485 4
11486 4
11487 4
11488 4
11489 4
11490 4
11491 4
11492 4
11493 4
11494 4
11495 4
11496 4
11497 4
11498 4
11499 4
11500 4
11501 4
11502 4
11503 4
11504 4
11505 4
11506 4
11507 4
11508 4
11509 4
11510 4
11511 4
11512 4
11513 4
11514 4
11515 4
11516 4
11517 4
11518 4
11519 4
11520 4
11521 4
11522 4
11523 4
11524 4
11525 4
11526 4
11527 4
11528 4
11529 4
11530 4
11531 4
11532 4
11533 4
11534 4
11535 4
11536 4
11537 4
11538 4
11539 4
11540 4
11541 4
11542 4
11543 4
11544 4
11545 4
11546 4
11547 4
11548 4
11549 4
11550 4
11551 4
11552 4
11553 4
11554 4
11555 4
11556 4
11557 4
11558 4
11559 4
11560 4
11561 4
11562 4
11563 4
11564 4
11565 4
11566 4
11567 4
11568 4
11569 4
11570 4
11571 4
11572 4
11573 4
11574 4
11575 4
11576 4
11577 4
11578 4
11579 4
11580 4
11581 4
11582 4
11583 4
11584 4
11585 4
11586 4
11587 4
11588 4
11589 4
11590 4
11591 4
11592 4
11593 4
11594 4
11595 4
11596 4
11597 4
11598 4
11599 4
11600 4
11601 4
11602 4
11603 4
11604 4
11605 4
11606 4
11607 4
11608 4
11609 4
11610 4
11611 4
11612 4
11613 4
11614 4
11615 4
11616 4
11617 4
11618 4
11619 4
11620 4
11621 4
11622 4
11623 4
11624 4
11625 4
11626 4
11627 4
11628 4
11629 4
11630 4
11631 4
11632 4
11633 4
11634 4
11635 4
11636 4
11637 4
11638 4
11639 4
11640 4
11641 4
11642 4
11643 4
11644 4
11645 4
11646 4
11647 4
11648 4
11649 4
11650 4
11651 4
11652 4
11653 4
11654 4
11655 4
11656 4
11657 4
11658 4
11659 4
11660 4
11661 4
11662 4
11663 4
11664 4
11665 4
11666 4
11667 4
11668 4
11669 4
11670 4
11671 4
11672 4
11673 4
11674 4
11675 4
11676 4
11677 4
11678 4
11679 4
11680 4
11681 4
11682 4
11683 4
11684 4
11685 4
11686 4
11687 4
11688 4
11689 4
11690 4
11691 4
11692 4
11693 4
11694 4
11695 4
11696 4
11697 4
11698 4
11699 4
11700 4
11701 4
11702 4
11703 4
11704 4
11705 4
11706 4
11707 4
11708 4
11709 4
11710 4
11711 4
11712 4
11713 4
11714 4
11715 4
11716 4
11717 4
11718 4
11719 4
11720 4
11721 4
11722 4
11723 4
11724 4
11725 4
11726 4
11727 4
11728 4
11729 4
11730 4
11731 4
11732 4
11733 4
11734 4
11735 4
11736 4
11737 4
11738 4
11739 4
11740 4
11741 4
11742 4
11743 4
11744 4
11745 4
11746 4
11747 4
11748 4
11749 4
11750 4
11751 4
11752 4
11753 4
11754 4
11755 4
11756 4
11757 4
11758 4
11759 4
11760 4
11761 4
11762 4
11763 4
11764 4
11765 4
11766 4
11767 4
11768 4
11769 4
11770 4
11771 4
11772 4
11773 4
11774 4
11775 4
11776 4
11777 4
11778 4
11779 4
11780 4
11781 4
11782 4
11783 4
11784 4
11785 4
11786 4
11787 4
11788 4
11789 4
11790 4
11791 4
11792 4
11793 4
11794 4
11795 4
11796 4
11797 4
11798 4
11799 4
11800 4
11801 4
11802 4
11803 4
11804 4
11805 4
11806 4
11807 4
11808 4
11809 4
11810 4
11811 4
11812 4
11813 4
11814 4
11815 4
11816 4
11817 4
11818 4
11819 4
11820 4
11821 4
11822 4
11823 4
11824 4
11825 4
11826 4
11827 4
11828 4
11829 4
11830 4
11831 4
11832 4
11833 4
11834 4
11835 4
11836 4
11837 4
11838 4
11839 4
11840 4
11841 4
11842 4
11843 4
11844 4
11845 4
11846 4
11847 4
11848 4
11849 4
11850 4
11851 4
11852 4
11853 4
11854 4
11855 4
11856 4
11857 4
11858 4
11859 4
11860 4
11861 4
11862 4
11863 4
11864 4
11865 4
11866 4
11867 4
11868 4
11869 4
11870 4
11871 4
11872 4
11873 4
11874 4
11875 4
11876 4
11877 4
11878 4
11879 4
11880 4
11881 4
11882 4
11883 4
11884 4
11885 4
11886 4
11887 4
11888 4
11889 4
11890 4
11891 4
11892 4
11893 4
11894 4
11895 4
11896 4
11897 4
11898 4
11899 4
11900 4
11901 4
11902 4
11903 4
11904 4
11905 4
11906 4
11907 4
11908 4
11909 4
11910 4
11911 4
11912 4
11913 4
11914 4
11915 4
11916 4
11917 4
11918 4
11919 4
11920 4
11921 4
11922 4
11923 4
11924 4
11925 4
11926 4
11927 4
11928 4
11929 4
11930 4
11931 4
11932 4
11933 4
11934 4
11935 4
11936 4
11937 4
11938 4
11939 4
11940 4
11941 4
11942 4
11943 4
11944 4
11945 4
11946 4
11947 4
11948 4
11949 4
11950 4
11951 4
11952 4
11953 4
11954 4
11955 4
11956 4
11957 4
11958 4
11959 4
11960 4
11961 4
11962 4
11963 4
11964 4
11965 4
11966 4
11967 4
11968 4
11969 4
11970 4
11971 4
11972 4
11973 4
11974 4
11975 4
11976 4
11977 4
11978 4
11979 4
11980 4
11981 4
11982 4
11983 4
11984 4
11985 4
11986 4
11987 4
11988 4
11989 4
11990 4
11991 4
11992 4
11993 4
11994 4
11995 4
11996 4
11997 4
11998 4
11999 4
12000 4
12001 4
12002 4
12003 4
12004 4
12005 4
12006 4
12007 4
12008 4
12009 4
12010 4
12011 4
12012 4
12013 4
12014 4
12015 4
12016 4
12017 4
12018 4
12019 4
12020 4
12021 4
12022 4
12023 4
12024 4
12025 4
12026 4
12027 4
12028 4
12029 4
12030 4
12031 4
12032 4
12033 4
12034 4
12035 4
12036 4
12037 4
12038 4
12039 4
12040 4
12041 4
12042 4
12043 4
12044 4
12045 4
12046 4
12047 4
12048 4
12049 4
12050 4
12051 4
12052 4
12053 4
12054 4
12055 4
12056 4
12057 4
12058 4
12059 4
12060 4
12061 4
12062 4
12063 4
12064 4
12065 4
12066 4
12067 4
12068 4
12069 4
12070 4
12071 4
12072 4
12073 4
12074 4
12075 4
12076 4
12077 4
12078 4
12079 4
12080 4
12081 4
12082 4
12083 4
12084 4
12085 4
12086 4
12087 4
12088 4
12089 4
12090 4
12091 4
12092 4
12093 4
12094 4
12095 4
12096 4
12097 4
12098 4
12099 4
12100 4
12101 4
12102 4
12103 4
12104 4
12105 4
12106 4
12107 4
12108 4
12109 4
12110 4
12111 4
12112 4
12113 4
12114 4
12115 4
12116 4
12117 4
12118 4
12119 4
12120 4
12121 4
12122 4
12123 4
12124 4
12125 4
12126 4
12127 4
12128 4
12129 4
12130 4
12131 4
12132 4
12133 4
12134 4
12135 4
12136 4
12137 4
12138 4
12139 4
12140 4
12141 4
12142 4
12143 4
12144 4
12145 4
12146 4
12147 4
12148 4
12149 4
12150 4
12151 4
12152 4
12153 4
12154 4
12155 4
12156 4
12157 4
12158 4
12159 4
12160 4
12161 4
12162 4
12163 4
12164 4
12165 4
12166 4
12167 4
12168 4
12169 4
12170 4
12171 4
12172 4
12173 4
12174 4
12175 4
12176 4
12177 4
12178 4
12179 4
12180 4
12181 4
12182 4
12183 4
12184 4
12185 4
12186 4
12187 4
12188 4
12189 4
12190 4
12191 4
12192 4
12193 4
12194 4
12195 4
12196 4
12197 4
12198 4
12199 4
12200 4
12201 4
12202 4
12203 4
12204 4
12205 4
12206 4
12207 4
12208 4
12209 4
12210 4
12211 4
12212 4
12213 4
12214 4
12215 4
12216 4
12217 4
12218 4
12219 4
12220 4
12221 4
12222 4
12223 4
12224 4
12225 4
12226 4
12227 4
12228 4
12229 4
12230 4
12231 4
12232 4
12233 4
12234 4
12235 4
12236 4
12237 4
12238 4
12239 4
12240 4
12241 4
12242 4
12243 4
12244 4
12245 4
12246 4
12247 4
12248 4
12249 4
12250 4
12251 4
12252 4
12253 4
12254 4
12255 4
12256 4
12257 4
12258 4
12259 4
12260 4
12261 4
12262 4
12263 4
12264 4
12265 4
12266 4
12267 4
12268 4
12269 4
12270 4
12271 4
12272 4
12273 4
12274 4
12275 4
12276 4
12277 4
12278 4
12279 4
12280 4
12281 4
12282 4
12283 4
12284 4
12285 4
12286 4
12287 4
12288 4
12289 4
12290 4
12291 4
12292 4
12293 4
12294 4
12295 4
12296 4
12297 4
12298 4
12299 4
12300 4
12301 4
12302 4
12303 4
12304 4
12305 4
12306 4
12307 4
12308 4
12309 4
12310 4
12311 4
12312 4
12313 4
12314 4
12315 4
12316 4
12317 4
12318 4
12319 4
12320 4
12321 4
12322 4
12323 4
12324 4
12325 4
12326 4
12327 4
12328 4
12329 4
12330 4
12331 4
12332 4
12333 4
12334 4
12335 4
12336 4
12337 4
12338 4
12339 4
12340 4
12341 4
12342 4
12343 4
12344 4
12345 4
12346 4
12347 4
12348 4
12349 4
12350 4
12351 4
12352 4
12353 4
12354 4
12355 4
12356 4
12357 4
12358 4
12359 4
12360 4
12361 4
12362 4
12363 4
12364 4
12365 4
12366 4
12367 4
12368 4
12369 4
12370 4
12371 4
12372 4
12373 4
12374 4
12375 4
12376 4
12377 4
12378 4
12379 4
12380 4
12381 4
12382 4
12383 4
12384 4
12385 4
12386 4
12387 4
12388 4
12389 4
12390 4
12391 4
12392 4
12393 4
12394 4
12395 4
12396 4
12397 4
12398 4
12399 4
12400 4
12401 4
12402 4
12403 4
12404 4
12405 4
12406 4
12407 4
12408 4
12409 4
12410 4
12411 4
12412 4
12413 4
12414 4
12415 4
12416 4
12417 4
12418 4
12419 4
12420 4
12421 4
12422 4
12423 4
12424 4
12425 4
12426 4
12427 4
12428 4
12429 4
12430 4
12431 4
12432 4
12433 4
12434 4
12435 4
12436 4
12437 4
12438 4
12439 4
12440 4
12441 4
12442 4
12443 4
12444 4
12445 4
12446 4
12447 4
12448 4
12449 4
12450 4
12451 4
12452 4
12453 4
12454 4
12455 4
12456 4
12457 4
12458 4
12459 4
12460 4
12461 4
12462 4
12463 4
12464 4
12465 4
12466 4
12467 4
12468 4
12469 4
12470 4
12471 4
12472 4
12473 4
12474 4
12475 4
12476 4
12477 4
12478 4
12479 4
12480 4
12481 4
12482 4
12483 4
12484 4
12485 4
12486 4
12487 4
12488 4
12489 4
12490 4
12491 4
12492 4
12493 4
12494 4
12495 4
12496 4
12497 4
12498 4
12499 4
12500 4
12501 4
12502 4
12503 4
12504 4
12505 4
12506 4
12507 4
12508 4
12509 4
12510 4
12511 4
12512 4
12513 4
12514 4
12515 4
12516 4
12517 4
12518 4
12519 4
12520 4
12521 4
12522 4
12523 4
12524 4
12525 4
12526 4
12527 4
12528 4
12529 4
12530 4
12531 4
12532 4
12533 4
12534 4
12535 4
12536 4
12537 4
12538 4
12539 4
12540 4
12541 4
12542 4
12543 4
12544 4
12545 4
12546 4
12547 4
12548 4
12549 4
12550 4
12551 4
12552 4
12553 4
12554 4
12555 4
12556 4
12557 4
12558 4
12559 4
12560 4
12561 4
12562 4
12563 4
12564 4
12565 4
12566 4
12567 4
12568 4
12569 4
12570 4
12571 4
12572 4
12573 4
12574 4
12575 4
12576 4
12577 4
12578 4
12579 4
12580 4
12581 4
12582 4
12583 4
12584 4
12585 4
12586 4
12587 4
12588 4
12589 4
12590 4
12591 4
12592 4
12593 4
12594 4
12595 4
12596 4
12597 4
12598 4
12599 4
12600 4
12601 4
12602 4
12603 4
12604 4
12605 4
12606 4
12607 4
12608 4
12609 4
12610 4
12611 4
12612 4
12613 4
12614 4
12615 4
12616 4
12617 4
12618 4
12619 4
12620 4
12621 4
12622 4
12623 4
12624 4
12625 4
12626 4
12627 4
12628 4
12629 4
12630 4
12631 4
12632 4
12633 4
12634 4
12635 4
12636 4
12637 4
12638 4
12639 4
12640 4
12641 4
12642 4
12643 4
12644 4
12645 4
12646 4
12647 4
12648 4
12649 4
12650 4
12651 4
12652 4
12653 4
12654 4
12655 4
12656 4
12657 4
12658 4
12659 4
12660 4
12661 4
12662 4
12663 4
12664 4
12665 4
12666 4
12667 4
12668 4
12669 4
12670 4
12671 4
12672 4
12673 4
12674 4
12675 4
12676 4
12677 4
12678 4
12679 4
12680 4
12681 4
12682 4
12683 4
12684 4
12685 4
12686 4
12687 4
12688 4
12689 4
12690 4
12691 4
12692 4
12693 4
12694 4
12695 4
12696 4
12697 4
12698 4
12699 4
12700 4
12701 4
12702 4
12703 4
12704 4
12705 4
12706 4
12707 4
12708 4
12709 4
12710 4
12711 4
12712 4
12713 4
12714 4
12715 4
12716 4
12717 4
12718 4
12719 4
12720 4
12721 4
12722 4
12723 4
12724 4
12725 4
12726 4
12727 4
12728 4
12729 4
12730 4
12731 4
12732 4
12733 4
12734 4
12735 4
12736 4
12737 4
12738 4
12739 4
12740 4
12741 4
12742 4
12743 4
12744 4
12745 4
12746 4
12747 4
12748 4
12749 4
12750 4
12751 4
12752 4
12753 4
12754 4
12755 4
12756 4
12757 4
12758 4
12759 4
12760 4
12761 4
12762 4
12763 4
12764 4
12765 4
12766 4
12767 4
12768 4
12769 4
12770 4
12771 4
12772 4
12773 4
12774 4
12775 4
12776 4
12777 4
12778 4
12779 4
12780 4
12781 4
12782 4
12783 4
12784 4
12785 4
12786 4
12787 4
12788 4
12789 4
12790 4
12791 4
12792 4
12793 4
12794 4
12795 4
12796 4
12797 4
12798 4
12799 4
12800 4
12801 4
12802 4
12803 4
12804 4
12805 4
12806 4
12807 4
12808 4
12809 4
12810 4
12811 4
12812 4
12813 4
12814 4
12815 4
12816 4
12817 4
12818 4
12819 4
12820 4
12821 4
12822 4
12823 4
12824 4
12825 4
12826 4
12827 4
12828 4
12829 4
12830 4
12831 4
12832 4
12833 4
12834 4
12835 4
12836 4
12837 4
12838 4
12839 4
12840 4
12841 4
12842 4
12843 4
12844 4
12845 4
12846 4
12847 4
12848 4
12849 4
12850 4
12851 4
12852 4
12853 4
12854 4
12855 4
12856 4
12857 4
12858 4
12859 4
12860 4
12861 4
12862 4
12863 4
12864 4
12865 4
12866 4
12867 4
12868 4
12869 4
12870 4
12871 4
12872 4
12873 4
12874 4
12875 4
12876 4
12877 4
12878 4
12879 4
12880 4
12881 4
12882 4
12883 4
12884 4
12885 4
12886 4
12887 4
12888 4
12889 4
12890 4
12891 4
12892 4
12893 4
12894 4
12895 4
12896 4
12897 4
12898 4
12899 4
12900 4
12901 4
12902 4
12903 4
12904 4
12905 4
12906 4
12907 4
12908 4
12909 4
12910 4
12911 4
12912 4
12913 4
12914 4
12915 4
12916 4
12917 4
12918 4
12919 4
12920 4
12921 4
12922 4
12923 4
12924 4
12925 4
12926 4
12927 4
12928 4
12929 4
12930 4
12931 4
12932 4
12933 4
12934 4
12935 4
12936 4
12937 4
12938 4
12939 4
12940 4
12941 4
12942 4
12943 4
12944 4
12945 4
12946 4
12947 4
12948 4
12949 4
12950 4
12951 4
12952 4
12953 4
12954 4
12955 4
12956 4
12957 4
12958 4
12959 4
12960 4
12961 4
12962 4
12963 4
12964 4
12965 4
12966 4
12967 4
12968 4
12969 4
12970 4
12971 4
12972 4
12973 4
12974 4
12975 4
12976 4
12977 4
12978 4
12979 4
12980 4
12981 4
12982 4
12983 4
12984 4
12985 4
12986 4
12987 4
12988 4
12989 4
12990 4
12991 4
12992 4
12993 4
12994 4
12995 4
12996 4
12997 4
12998 4
12999 4
13000 4
13001 4
13002 4
13003 4
13004 4
13005 4
13006 4
13007 4
13008 4
13009 4
13010 4
13011 4
13012 4
13013 4
13014 4
13015 4
13016 4
13017 4
13018 4
13019 4
13020 4
13021 4
13022 4
13023 4
13024 4
13025 4
13026 4
13027 4
13028 4
13029 4
13030 4
13031 4
13032 4
13033 4
13034 4
13035 4
13036 4
13037 4
13038 4
13039 4
13040 4
13041 4
13042 4
13043 4
13044 4
13045 4
13046 4
13047 4
13048 4
13049 4
13050 4
13051 4
13052 4
13053 4
13054 4
13055 4
13056 4
13057 4
13058 4
13059 4
13060 4
13061 4
13062 4
13063 4
13064 4
13065 4
13066 4
13067 4
13068 4
13069 4
13070 4
13071 4
13072 4
13073 4
13074 4
13075 4
13076 4
13077 4
13078 4
13079 4
13080 4
13081 4
13082 4
13083 4
13084 4
13085 4
13086 4
13087 4
13088 4
13089 4
13090 4
13091 4
13092 4
13093 4
13094 4
13095 4
13096 4
13097 4
13098 4
13099 4
13100 4
13101 4
13102 4
13103 4
13104 4
13105 4
13106 4
13107 4
13108 4
13109 4
13110 4
13111 4
13112 4
13113 4
13114 4
13115 4
13116 4
13117 4
13118 4
13119 4
13120 4
13121 4
13122 4
13123 4
13124 4
13125 4
13126 4
13127 4
13128 4
13129 4
13130 4
13131 4
13132 4
13133 4
13134 4
13135 4
